# vtk DataFile Version 2.0
jellyfish3, Created by Gmsh 4.9.5 
ASCII
DATASET UNSTRUCTURED_GRID
POINTS 565 double
0.2833560407161713 0.804479718208313 0.1893324106931686
0.4113690853118896 0.7221863865852356 0.2748680412769318
0.3498405814170837 0.7221863865852356 0.3498406410217285
0.2409744411706924 0.804479718208313 0.2409744411706924
0 0.3826834261417389 0.9238795042037964
0 0.5555702447891235 0.8314695954322815
-0.162211686372757 0.5555702447891235 0.815493106842041
-0.1802399605512619 0.3826834261417389 0.906127393245697
0.5235737562179565 0.6114380359649658 0.3498407006263733
0.4452628791332245 0.6114380359649658 0.4452627897262573
0 0.1950903534889221 0.9807852506637573
-0.1913417279720306 0.1950903534889221 0.9619396924972534
0.6156575083732605 0.476490706205368 0.4113691449165344
0.523573637008667 0.476490706205368 0.5235735774040222
-5.385959980230837e-07 -4.371138828673793e-08 0.9999987483024597
-0.1950903385877609 -4.371138828673793e-08 0.9807852506637573
0 0.9807852506637573 0.1950903236865997
8.076808910573163e-08 1 -1.208780133765686e-07
-0.03806025162339211 0.9807852506637573 0.1913417130708694
0.1605083048343658 0.855155885219574 0.06648465245962143
0.3148483633995056 0.804479718208313 0.1304144114255905
0.1444536447525024 0.855155885219574 0.09652078896760941
-2.128813036961219e-07 0.002532958984375 0.882332980632782
-0.1721347570419312 0.002532958984375 0.8653796315193176
0 0.9238795042037964 0.3826834559440613
-0.0746578574180603 0.9238795042037964 0.3753302991390228
0.4570889174938202 0.7221863865852356 0.1893324106931686
0 0.8314695954322815 0.5555702447891235
-0.1083863973617554 0.8314695954322815 0.5448951125144958
0.5817639231681824 0.6114380359649658 0.2409744411706924
0 0.7071067690849304 0.7071067690849304
-0.1379497051239014 0.7071067690849304 0.6935198903083801
0.6840819120407104 0.476490706205368 0.2833559811115265
-0.2126075625419617 0.8314695954322815 0.513279914855957
-0.2705980837345123 0.7071067690849304 0.6532814502716064
0.7601112723350525 0.3225305378437042 0.3148485124111176
0.68408203125 0.3225305378437042 0.4570891559123993
-0.3181896507740021 0.5555702447891235 0.7681776285171509
0.8069295883178711 0.1554740071296692 0.3342412710189819
0.7262174487113953 0.1554740071296692 0.4852430820465088
-0.3535534143447876 0.3826834261417389 0.8535533547401428
7.206814700566611e-09 0.8722671270370483 -8.24234476226593e-08
-0.3753302991390228 0.1950903534889221 0.906127393245697
0.72621750831604 0.476490706205368 0.1444536298513412
0.806929886341095 0.3225305378437042 0.1605084389448166
-0.3826834857463837 -4.371138828673793e-08 0.9238794445991516
-0.0746578648686409 0.9807852506637573 0.1802399456501007
0.8566319346427917 0.1554740071296692 0.1703947633504868
-0.1464466452598572 0.9238795042037964 0.3535534143447876
0.1703947186470032 0.855155885219574 0.03389355167746544
0.3342412710189819 0.804479718208313 0.06648466736078262
-0.5448951125144958 0.1950903534889221 0.815493106842041
-0.5555702447891235 -4.371138828673793e-08 0.8314694762229919
-0.1083864122629166 0.9807852506637573 0.1622116565704346
0.4852430522441864 0.7221863865852356 0.09652083367109299
-0.3376544415950775 0.002532958984375 0.8151698112487793
-0.4901982247829437 0.002532958984375 0.7336334586143494
-0.2126075774431229 0.9238795042037964 0.3181896507740021
0.6175972819328308 0.6114380359649658 0.12284766882658
-0.3086583316326141 0.8314695954322815 0.4619396924972534
-0.3928475379943848 0.7071067690849304 0.5879377722740173
0.3407894670963287 0.804479718208313 -5.914659340078288e-08
0.4947494864463806 0.7221863865852356 5.678302272826841e-10
-0.4619397521018982 0.5555702447891235 0.6913415789604187
0.6296967267990112 0.6114380359649658 -8.568633802497061e-08
-0.5132799744606018 0.3826834261417389 0.7681776881217957
0.7404449582099915 0.476490706205368 -3.260684877659514e-08
0.8227385878562927 0.3225305378437042 1.000918885551982e-07
0.8734143972396851 0.1554740071296692 6.028226806620296e-08
-0.5 0.7071067690849304 0.4999999701976776
-0.5879377126693726 0.5555702447891235 0.5879376530647278
0.1737329661846161 0.855155885219574 -6.578153488590033e-08
-0.6532814502716064 0.3826834261417389 0.6532813906669617
-0.6935198903083801 0.1950903534889221 0.6935198307037354
0.806929886341095 0.3225305378437042 -0.1605082601308823
0.8566319942474365 0.1554740071296692 -0.170394629240036
-0.7071067690849304 -4.371138828673793e-08 0.7071065902709961
-0.1379497349262238 0.9807852506637573 0.1379496604204178
0.1703947335481644 0.855155885219574 -0.03389368578791618
-0.2705981433391571 0.9238795042037964 0.2705980241298676
0.3342413306236267 0.804479718208313 -0.06648478657007217
-0.3928475379943848 0.8314695954322815 0.3928473889827728
0.4852430820465088 0.7221863865852356 -0.09652084112167358
0.6175973415374756 0.6114380359649658 -0.1228478401899338
-0.6239039897918701 0.002532958984375 0.6239039301872253
-0.8314695358276367 -4.371138828673793e-08 0.5555700063705444
-0.7336334586143494 0.002532958984375 0.490198165178299
-0.1622117310762405 0.9807852506637573 0.1083863377571106
-0.3181897699832916 0.9238795042037964 0.2126074880361557
0.7262175679206848 0.476490706205368 -0.1444537043571472
-0.461939811706543 0.8314695954322815 0.3086581826210022
-0.5879377722740173 0.7071067690849304 0.3928474187850952
0.457088977098465 0.7221863865852356 -0.1893324553966522
0.5817639827728271 0.6114380359649658 -0.240974634885788
-0.6913416385650635 0.5555702447891235 0.4619396328926086
0.6840819716453552 0.476490706205368 -0.283356100320816
-0.7681776881217957 0.3826834261417389 0.513279914855957
0.7601114511489868 0.3225305378437042 -0.3148483633995056
-0.815493106842041 0.1950903534889221 0.5448949933052063
0.8069297075271606 0.1554740071296692 -0.3342411816120148
0.1605083346366882 0.855155885219574 -0.06648479402065277
-0.7681776285171509 0.5555702447891235 0.3181895017623901
-0.853553295135498 0.3826834261417389 0.3535533547401428
0.3148484528064728 0.804479718208313 -0.1304145604372025
-0.9061273336410522 0.1950903534889221 0.3753301501274109
-0.9238793849945068 -4.371138828673793e-08 0.3826832175254822
-0.1802400052547455 0.9807852506637573 0.07465778291225433
0.1444537043571472 0.855155885219574 -0.09652094542980194
-0.3535535037517548 0.9238795042037964 0.1464465409517288
0.2833561897277832 0.804479718208313 -0.189332589507103
-0.5132799744606018 0.8314695954322815 0.2126074135303497
0.4113692045211792 0.7221863865852356 -0.2748681008815765
-0.6532814502716064 0.7071067690849304 0.2705979943275452
0.5235737562179565 0.6114380359649658 -0.34984090924263
-0.191341757774353 0.9807852506637573 0.03806017339229584
-0.37533038854599 0.9238795042037964 0.07465773820877075
0.6156575679779053 0.476490706205368 -0.411369264125824
-0.5448950529098511 0.8314695954322815 0.108386255800724
0.6840822100639343 0.3225305378437042 -0.4570890069007874
-0.6935198903083801 0.7071067690849304 0.1379496455192566
0.7262175679206848 0.1554740071296692 -0.485243022441864
-0.8154929876327515 0.5555702447891235 0.1622115671634674
0.3498408198356628 0.7221863865852356 -0.3498407602310181
0.4452628493309021 0.6114380359649658 -0.4452629685401917
-0.9061273336410522 0.3826834261417389 0.1802399307489395
0.5235736966133118 0.476490706205368 -0.5235737562179565
-0.9619396328926086 0.1950903534889221 0.1913416087627411
0.5817641615867615 0.3225305378437042 -0.5817640423774719
-0.980785071849823 -4.371138828673793e-08 0.1950901299715042
0.6175972819328308 0.1554740071296692 -0.6175972819328308
-0.8151698112487793 0.002532958984375 0.3376542925834656
-0.8653796315193176 0.002532958984375 0.1721346229314804
-0.8314694166183472 0.5555702447891235 -9.108677545555111e-08
-0.9238793849945068 0.3826834261417389 -1.658096948631282e-08
0.122847780585289 0.855155885219574 -0.1228478401899338
-0.9807851314544678 0.1950903534889221 -9.108677545555111e-08
0.2409746050834656 0.804479718208313 -0.2409746646881104
-0.9999997019767761 -4.371138828673793e-08 -1.655925814247894e-07
-0.1950903683900833 0.9807852506637573 -6.873503366477962e-08
-0.3826835155487061 0.9238795042037964 -1.208890978432464e-07
0.09652087837457657 0.855155885219574 -0.144453763961792
-0.555570125579834 0.8314695954322815 -1.134385172463226e-07
0.1893325746059418 0.804479718208313 -0.283356249332428
-0.7071067094802856 0.7071067690849304 -4.638329187400814e-08
0.2748681902885437 0.7221863865852356 -0.4113692343235016
0.3498408198356628 0.6114380359649658 -0.5235738754272461
0.4113692045211792 0.476490706205368 -0.6156576871871948
-0.3753303587436676 0.9238795042037964 -0.07465796917676926
-0.5448949933052063 0.8314695954322815 -0.1083864644169807
0.4570892453193665 0.3225305378437042 -0.6840822100639343
-0.6935198307037354 0.7071067690849304 -0.1379497200250626
0.485243171453476 0.1554740071296692 -0.7262176275253296
-0.8154929280281067 0.5555702447891235 -0.1622117310762405
0.2409745007753372 0.6114380359649658 -0.5817641019821167
0.283356100320816 0.476490706205368 -0.6840820908546448
-0.9061272740364075 0.3826834261417389 -0.1802399456501007
0.3148485720157623 0.3225305378437042 -0.7601114511489868
-0.9619395732879639 0.1950903534889221 -0.1913417726755142
0.3342413306236267 0.1554740071296692 -0.8069297671318054
-0.9807848930358887 -4.371138828673793e-08 -0.1950904279947281
-0.191341757774353 0.9807852506637573 -0.03806031122803688
0.066484734416008 0.855155885219574 -0.1605084240436554
-0.8823333978652954 0.002532958984375 -8.623712233202241e-08
-0.8653795719146729 0.002532958984375 -0.1721347868442535
0.1304145455360413 0.804479718208313 -0.3148485720157623
-0.8535532355308533 0.3826834261417389 -0.3535533547401428
-0.9061272144317627 0.1950903534889221 -0.3753302991390228
0.1893325448036194 0.7221863865852356 -0.4570890069007874
-0.923879086971283 -4.371138828673793e-08 -0.3826834559440613
-0.1802399903535843 0.9807852506637573 -0.07465791702270508
-0.3535534739494324 0.9238795042037964 -0.1464467644691467
0.03389362990856171 0.855155885219574 -0.1703948378562927
-0.5132797956466675 0.8314695954322815 -0.2126075923442841
0.06648475676774979 0.804479718208313 -0.334241509437561
-0.6532813906669617 0.7071067690849304 -0.2705980539321899
0.09652092307806015 0.7221863865852356 -0.485243171453476
-0.7681775093078613 0.5555702447891235 -0.3181896507740021
0.1228477358818054 0.6114380359649658 -0.6175974607467651
-0.3181897103786469 0.9238795042037964 -0.2126076817512512
-0.4619396030902863 0.8314695954322815 -0.3086583018302917
0.1444537192583084 0.476490706205368 -0.7262176871299744
-0.5879377126693726 0.7071067690849304 -0.39284747838974
0.160508468747139 0.3225305378437042 -0.8069300651550293
-0.6913414597511292 0.5555702447891235 -0.4619396924972534
0.1703947782516479 0.1554740071296692 -0.8566321134567261
-0.7681775689125061 0.3826834261417389 -0.513279914855957
-3.452115038271586e-08 0.6114380359649658 -0.6296969056129456
4.509808348984734e-08 0.476490706205368 -0.7404451370239258
-0.8154929280281067 0.1950903534889221 -0.5448950529098511
1.11447441497603e-07 0.3225305378437042 -0.8227387666702271
-0.8314691185951233 -4.371138828673793e-08 -0.5555701851844788
-0.1622117012739182 0.9807852506637573 -0.1083864569664001
7.163782100860772e-08 0.1554740071296692 -0.8734145760536194
-0.8151696920394897 0.002532958984375 -0.3376544415950775
-0.7336333394050598 0.002532958984375 -0.490198165178299
8.605937296124466e-09 0.855155885219574 -0.1737330853939056
-0.6532813310623169 0.3826834261417389 -0.6532813906669617
-0.6935197114944458 0.1950903534889221 -0.6935198307037354
5.288463000852062e-09 0.804479718208313 -0.3407896757125854
-0.7071062326431274 -4.371138828673793e-08 -0.7071066498756409
-0.1379497051239014 0.9807852506637573 -0.1379497796297073
6.500288662891762e-08 0.7221863865852356 -0.4947496354579926
-0.2705980837345123 0.9238795042037964 -0.2705982327461243
-0.3928473293781281 0.8314695954322815 -0.39284747838974
-0.03389361873269081 0.855155885219574 -0.1703948378562927
-0.06648475676774979 0.804479718208313 -0.3342415392398834
-0.4999999701976776 0.7071067690849304 -0.5
-0.0965208038687706 0.7221863865852356 -0.4852432310581207
-0.5879375338554382 0.5555702447891235 -0.5879376530647278
-0.1228478103876114 0.6114380359649658 -0.6175975203514099
-0.1444536447525024 0.476490706205368 -0.7262177467346191
-0.1605082601308823 0.3225305378437042 -0.8069300651550293
-0.3086581528186798 0.8314695954322815 -0.4619397521018982
-0.3928474485874176 0.7071067690849304 -0.5879377722740173
-0.1703946441411972 0.1554740071296692 -0.8566321730613708
-0.4619395732879639 0.5555702447891235 -0.6913415193557739
-0.5132798552513123 0.3826834261417389 -0.7681776285171509
-0.2833560705184937 0.476490706205368 -0.6840821504592896
-0.3148483633995056 0.3225305378437042 -0.7601115703582764
-0.5448948740959167 0.1950903534889221 -0.8154929876327515
-0.3342411816120148 0.1554740071296692 -0.806929886341095
-0.5555697083473206 -4.371138828673793e-08 -0.8314693570137024
-0.1083863899111748 0.9807852506637573 -0.1622117757797241
-0.06648474186658859 0.855155885219574 -0.1605084389448166
-0.6239038109779358 0.002532958984375 -0.6239039301872253
-0.490198016166687 0.002532958984375 -0.7336333394050598
-0.2126075476408005 0.9238795042037964 -0.318189799785614
-0.1304145455360413 0.804479718208313 -0.3148486316204071
-0.189332440495491 0.7221863865852356 -0.4570891261100769
-0.3753300607204437 0.1950903534889221 -0.9061272144317627
-0.3826829791069031 -4.371138828673793e-08 -0.9238791465759277
-0.07465784251689911 0.9807852506637573 -0.1802400499582291
-0.2409746199846268 0.6114380359649658 -0.5817641615867615
-0.1464466154575348 0.9238795042037964 -0.3535535335540771
-0.2126074135303497 0.8314695954322815 -0.513279914855957
-0.189332589507103 0.804479718208313 -0.2833563089370728
-0.2748681008815765 0.7221863865852356 -0.4113693833351135
-0.2705980539321899 0.7071067690849304 -0.6532814502716064
-0.3498408794403076 0.6114380359649658 -0.5235739350318909
-0.3181895017623901 0.5555702447891235 -0.7681775093078613
-0.4113692343235016 0.476490706205368 -0.6156577467918396
-0.3535533249378204 0.3826834261417389 -0.8535532355308533
-0.4570890367031097 0.3225305378437042 -0.6840823292732239
-0.4852430522441864 0.1554740071296692 -0.7262177467346191
-0.1379497200250626 0.7071067690849304 -0.6935198903083801
-0.1622115969657898 0.5555702447891235 -0.8154928684234619
-0.09652088582515717 0.855155885219574 -0.1444537937641144
-0.1802399307489395 0.3826834261417389 -0.9061272740364075
-0.1913415640592575 0.1950903534889221 -0.9619394540786743
-0.5817641019821167 0.3225305378437042 -0.581764280796051
-0.6175973415374756 0.1554740071296692 -0.6175974607467651
-0.1950899511575699 -4.371138828673793e-08 -0.9807847738265991
-0.03806023672223091 0.9807852506637573 -0.1913418024778366
-0.122847780585289 0.855155885219574 -0.1228478625416756
-0.3376542329788208 0.002532958984375 -0.8151696920394897
-0.1721346080303192 0.002532958984375 -0.8653794527053833
-0.07465782016515732 0.9238795042037964 -0.3753304183483124
-0.2409746795892715 0.804479718208313 -0.2409747987985611
-0.1083862856030464 0.8314695954322815 -0.5448950529098511
-0.3498407602310181 0.7221863865852356 -0.3498409390449524
-2.154177280999647e-09 0.9807852506637573 -0.1950904130935669
-0.4452629685401917 0.6114380359649658 -0.4452630281448364
2.764814510669567e-08 0.9238795042037964 -0.3826835453510284
-0.5235737562179565 0.476490706205368 -0.5235738754272461
6.490104453860113e-08 0.8314695954322815 -0.555570125579834
-4.685766086254262e-08 0.7071067690849304 -0.7071067094802856
-0.283356249332428 0.804479718208313 -0.1893327087163925
-0.4113692343235016 0.7221863865852356 -0.2748682796955109
1.274698391284801e-08 0.5555702447891235 -0.8314692974090576
-0.5235738754272461 0.6114380359649658 -0.3498409390449524
-1.70553384748473e-08 0.3826834261417389 -0.9238793253898621
-0.6156576871871948 0.476490706205368 -0.4113693833351135
7.235162513552496e-08 0.1950903534889221 -0.9807849526405334
-0.6840822696685791 0.3225305378437042 -0.4570892751216888
2.660667348663992e-07 -4.371138828673793e-08 -0.9999994039535522
0.1379496157169342 0.7071067690849304 -0.6935198307037354
0.162211611866951 0.5555702447891235 -0.8154928088188171
-0.7262177467346191 0.1554740071296692 -0.4852432310581207
0.1802398860454559 0.3826834261417389 -0.9061272144317627
-0.1444537341594696 0.855155885219574 -0.09652096778154373
0.1913417130708694 0.1950903534889221 -0.9619393944740295
0.1950904577970505 -4.371138828673793e-08 -0.9807845950126648
0.03806022927165031 0.9807852506637573 -0.1913418024778366
-0.7601115107536316 0.3225305378437042 -0.3148486316204071
-0.806929886341095 0.1554740071296692 -0.3342414200305939
5.522618806708124e-08 0.002532958984375 -0.8823332190513611
0.1721347123384476 0.002532958984375 -0.8653793931007385
0.0746578723192215 0.9238795042037964 -0.37533038854599
-0.160508394241333 0.855155885219574 -0.06648482382297516
0.108386404812336 0.8314695954322815 -0.5448949933052063
-0.3148485720157623 0.804479718208313 -0.1304146647453308
-0.457088977098465 0.7221863865852356 -0.1893326044082642
0.07465782761573792 0.9807852506637573 -0.1802400350570679
0.1464466601610184 0.9238795042037964 -0.3535534739494324
-0.5817641019821167 0.6114380359649658 -0.240974634885788
0.2126075178384781 0.8314695954322815 -0.5132797956466675
-0.6840821504592896 0.476490706205368 -0.2833562195301056
0.2705979347229004 0.7071067690849304 -0.6532813906669617
0.3181894719600677 0.5555702447891235 -0.7681774497032166
-0.485243171453476 0.7221863865852356 -0.09652097523212433
-0.6175974607467651 0.6114380359649658 -0.1228478252887726
0.3535532355308533 0.3826834261417389 -0.8535531759262085
-0.7262178063392639 0.476490706205368 -0.1444538086652756
0.3753301799297333 0.1950903534889221 -0.9061270952224731
-0.8069301247596741 0.3225305378437042 -0.1605085283517838
0.3826833963394165 -4.371138828673793e-08 -0.9238787889480591
-0.8566322922706604 0.1554740071296692 -0.1703948378562927
-0.1703948080539703 0.855155885219574 -0.03389370441436768
0.4619395136833191 0.5555702447891235 -0.6913414597511292
0.5132797956466675 0.3826834261417389 -0.7681775689125061
-0.334241509437561 0.804479718208313 -0.06648486107587814
0.5448949337005615 0.1950903534889221 -0.8154928088188171
0.5555700659751892 -4.371138828673793e-08 -0.8314688205718994
0.108386367559433 0.9807852506637573 -0.1622117459774017
-0.1737330406904221 0.855155885219574 -7.241646216016306e-08
0.337654322385788 0.002532958984375 -0.8151695728302002
0.4901981055736542 0.002532958984375 -0.7336332201957703
0.2126075774431229 0.9238795042037964 -0.3181897103786469
-0.3407896757125854 0.804479718208313 -9.23212724046607e-08
0.3086582124233246 0.8314695954322815 -0.4619395732879639
-0.4947496056556702 0.7221863865852356 -1.055911482694682e-07
0.3928473293781281 0.7071067690849304 -0.5879377126693726
-0.6296969652175903 0.6114380359649658 -4.587672464140269e-08
0.137949675321579 0.9807852506637573 -0.1379497498273849
0.2705980837345123 0.9238795042037964 -0.2705980837345123
-0.7404451966285706 0.476490706205368 -9.89562067843508e-08
0.3928473293781281 0.8314695954322815 -0.3928472995758057
-0.8227388262748718 0.3225305378437042 -1.387658414842008e-07
0.4999997913837433 0.7071067690849304 -0.4999999403953552
-0.8734147548675537 0.1554740071296692 -8.568633802497061e-08
0.5879374742507935 0.5555702447891235 -0.587937593460083
-0.4852432012557983 0.7221863865852356 0.09652078151702881
-0.6175975203514099 0.6114380359649658 0.1228477507829666
0.6532812714576721 0.3826834261417389 -0.6532813310623169
-0.7262178063392639 0.476490706205368 0.1444536149501801
0.693519651889801 0.1950903534889221 -0.6935195922851562
-0.8069301247596741 0.3225305378437042 0.1605082601308823
0.7071064710617065 -4.371138828673793e-08 -0.7071059942245483
-0.8566323518753052 0.1554740071296692 0.1703946739435196
0.6913413405418396 0.5555702447891235 -0.4619396328926086
0.7681775093078613 0.3826834261417389 -0.5132798552513123
-0.1703948080539703 0.855155885219574 0.03389355912804604
0.8154928088188171 0.1950903534889221 -0.544894814491272
-0.334241509437561 0.804479718208313 0.06648467481136322
0.8314691185951233 -4.371138828673793e-08 -0.5555694699287415
0.1622116565704346 0.9807852506637573 -0.108386442065239
0.623903751373291 0.002532958984375 -0.623903751373291
0.7336331605911255 0.002532958984375 -0.4901979565620422
0.3181896507740021 0.9238795042037964 -0.2126075625419617
-0.1605084091424942 0.855155885219574 0.06648468226194382
0.4619395434856415 0.8314695954322815 -0.3086581230163574
-0.3148486018180847 0.804479718208313 0.1304144859313965
0.587937593460083 0.7071067690849304 -0.3928474485874176
-0.4570891559123993 0.7221863865852356 0.189332440495491
-0.5817641615867615 0.6114380359649658 0.2409745454788208
-0.6840822696685791 0.476490706205368 0.2833560407161713
0.3535533547401428 0.9238795042037964 -0.1464466452598572
0.5132796764373779 0.8314695954322815 -0.2126074135303497
-0.7601116299629211 0.3225305378437042 0.314848393201828
0.6532812714576721 0.7071067690849304 -0.2705980539321899
-0.8069300055503845 0.1554740071296692 0.3342412710189819
0.768177330493927 0.5555702447891235 -0.3181895613670349
-0.5235739350318909 0.6114380359649658 0.3498408794403076
-0.6156578063964844 0.476490706205368 0.411369264125824
0.8535531163215637 0.3826834261417389 -0.353553295135498
-0.6840823888778687 0.3225305378437042 0.4570891559123993
0.9061270356178284 0.1950903534889221 -0.3753300309181213
-0.7262178659439087 0.1554740071296692 0.4852432012557983
0.9238788485527039 -4.371138828673793e-08 -0.382682740688324
0.1802399307489395 0.9807852506637573 -0.07465790212154388
-0.144453763961792 0.855155885219574 0.09652084112167358
-0.2833562791347504 0.804479718208313 0.1893325299024582
0.9061271548271179 0.3826834261417389 -0.1802399009466171
0.96193927526474 0.1950903534889221 -0.1913415491580963
-0.4113693833351135 0.7221863865852356 0.2748681604862213
0.9807844161987305 -4.371138828673793e-08 -0.1950897574424744
0.1913416832685471 0.9807852506637573 -0.03806030005216599
0.8151695132255554 0.002532958984375 -0.3376542031764984
0.865379273891449 0.002532958984375 -0.1721345782279968
0.3753302097320557 0.9238795042037964 -0.0746578723192215
-0.1228478103876114 0.855155885219574 0.1228477507829666
-0.2409747093915939 0.804479718208313 0.2409746050834656
0.544894814491272 0.8314695954322815 -0.1083863154053688
-0.3498409390449524 0.7221863865852356 0.3498408496379852
0.6935197114944458 0.7071067690849304 -0.1379497349262238
-0.445262998342514 0.6114380359649658 0.445262998342514
0.8154927492141724 0.5555702447891235 -0.1622116565704346
-0.5235739946365356 0.476490706205368 0.5235738158226013
-0.581764280796051 0.3225305378437042 0.5817641615867615
0.5555698871612549 0.8314695954322815 5.77077230445866e-09
0.7071065306663513 0.7071067690849304 -9.108677545555111e-08
-0.6175975203514099 0.1554740071296692 0.6175974607467651
0.8314691781997681 0.5555702447891235 -4.638329187400814e-08
0.9238792061805725 0.3826834261417389 -1.679808292465168e-09
-0.4113694429397583 0.476490706205368 0.6156577467918396
-0.4570891857147217 0.3225305378437042 0.6840822696685791
0.9807847738265991 0.1950903534889221 7.282599767677311e-08
-0.4852432608604431 0.1554740071296692 0.7262178659439087
0.9999990463256836 -4.371138828673793e-08 3.857503827475739e-07
0.1950902789831161 0.9807852506637573 -7.246032396324154e-08
-0.09652091562747955 0.855155885219574 0.144453689455986
0.3826833367347717 0.9238795042037964 -4.638329187400814e-08
-0.1893326044082642 0.804479718208313 0.2833562195301056
-0.2748682498931885 0.7221863865852356 0.4113693237304688
0.9619392156600952 0.1950903534889221 0.1913416981697083
0.9807842373847961 -4.371138828673793e-08 0.1950905174016953
0.1913416683673859 0.9807852506637573 0.03806015476584435
-0.3498409688472748 0.6114380359649658 0.5235738754272461
0.8823330402374268 0.002532958984375 6.122200346680984e-08
0.8653792142868042 0.002532958984375 0.1721347123384476
0.3753301501274109 0.9238795042037964 0.07465776801109314
0.5448947548866272 0.8314695954322815 0.1083863154053688
-0.06648476421833038 0.855155885219574 0.1605083495378494
-0.1304145604372025 0.804479718208313 0.3148485422134399
0.693519651889801 0.7071067690849304 0.1379495561122894
-0.1893325448036194 0.7221863865852356 0.4570891559123993
0.8154926896095276 0.5555702447891235 0.1622115522623062
-0.2409746497869492 0.6114380359649658 0.5817641615867615
0.9061270952224731 0.3826834261417389 0.1802398860454559
-0.2833562195301056 0.476490706205368 0.6840822100639343
0.5132796168327332 0.8314695954322815 0.2126073837280273
0.6532812118530273 0.7071067690849304 0.2705978751182556
-0.3148485124111176 0.3225305378437042 0.7601115107536316
0.768177330493927 0.5555702447891235 0.3181894421577454
-0.3342413902282715 0.1554740071296692 0.8069300055503845
0.8535530567169189 0.3826834261417389 0.3535532355308533
0.9061269164085388 0.1950903534889221 0.3753301501274109
-0.1444537490606308 0.476490706205368 0.7262179255485535
-0.160508394241333 0.3225305378437042 0.8069300651550293
0.9238784909248352 -4.371138828673793e-08 0.3826834261417389
0.1802399009466171 0.9807852506637573 0.07465774565935135
-0.1703947931528091 0.1554740071296692 0.8566323518753052
0.3535532355308533 0.9238795042037964 0.1464465260505676
-0.0338936410844326 0.855155885219574 0.1703947633504868
-0.06648476421833038 0.804479718208313 0.3342414498329163
0.8154926300048828 0.1950903534889221 0.5448948740959167
0.8314685225486755 -4.371138828673793e-08 0.5555700063705444
0.162211611866951 0.9807852506637573 0.1083862781524658
-0.09652089327573776 0.7221863865852356 0.4852432608604431
0.8151693940162659 0.002532958984375 0.3376542925834656
0.7336330413818359 0.002532958984375 0.4901980459690094
0.3181894719600677 0.9238795042037964 0.2126074135303497
-0.1228477954864502 0.6114380359649658 0.6175975203514099
0.4619393944740295 0.8314695954322815 0.3086580634117126
0.587937593460083 0.7071067690849304 0.3928472399711609
7.206814700566611e-09 0.6114380359649658 0.6296969652175903
7.206814700566611e-09 0.476490706205368 0.7404453754425049
0.6913413405418396 0.5555702447891235 0.4619394838809967
-1.672198806090819e-07 0.3225305378437042 0.8227384686470032
0.7681774497032166 0.3826834261417389 0.5132797360420227
-1.93759632338697e-07 0.1554740071296692 0.8734143376350403
-1.793380732806327e-08 0.855155885219574 0.1737328320741653
-5.442596417992718e-08 0.804479718208313 0.3407893180847168
0.4999998211860657 0.7071067690849304 0.4999997317790985
0.5879374742507935 0.5555702447891235 0.5879374146461487
7.206814700566611e-09 0.7221863865852356 0.4947497546672821
0.6532812118530273 0.3826834261417389 0.6532812118530273
0.6935194730758667 0.1950903534889221 0.6935195922851562
0.7071056962013245 -4.371138828673793e-08 0.707106351852417
0.1379496157169342 0.9807852506637573 0.1379495859146118
0.2705978751182556 0.9238795042037964 0.270597904920578
0.392847090959549 0.8314695954322815 0.3928471803665161
0.1083863079547882 0.9807852506637573 0.1622115522623062
0.6239035725593567 0.002532958984375 0.6239036917686462
0.5555692315101624 -4.371138828673793e-08 0.831468939781189
0.4901978969573975 0.002532958984375 0.7336331605911255
0.2126073688268661 0.9238795042037964 0.3181894719600677
0.3086579144001007 0.8314695954322815 0.4619393944740295
0.3928472995758057 0.7071067690849304 0.5879374742507935
0.3376540541648865 0.002532958984375 0.8151694536209106
0.1721344292163849 0.002532958984375 0.8653792142868042
0.4619394838809967 0.5555702447891235 0.6913412809371948
0.5132797360420227 0.3826834261417389 0.7681774497032166
0.5448946952819824 0.1950903534889221 0.8154927492141724
0.270597904920578 0.7071067690849304 0.6532811522483826
0.318189412355423 0.5555702447891235 0.7681772112846375
0.3535531759262085 0.3826834261417389 0.8535530567169189
0.3753298819065094 0.1950903534889221 0.9061269760131836
0.3826825320720673 -4.371138828673793e-08 0.9238786101341248
0.07465776801109314 0.9807852506637573 0.18023981153965
0.1464464664459229 0.9238795042037964 0.3535532057285309
0.2126072198152542 0.8314695954322815 0.5132794976234436
0.19508957862854 -4.371138828673793e-08 0.9807841777801514
0.03806017711758614 0.9807852506637573 0.1913415491580963
0.07465770840644836 0.9238795042037964 0.3753300607204437
0.1083861440420151 0.8314695954322815 0.5448945760726929
0.137949600815773 0.7071067690849304 0.6935195922851562
0.162211537361145 0.5555702447891235 0.815492570400238
0.1802397817373276 0.3826834261417389 0.9061270356178284
0.1913414001464844 0.1950903534889221 0.9619392156600952
0.1703944951295853 0.1554740071296692 0.8566319346427917
0.3342410624027252 0.1554740071296692 0.8069296479225159
0.6175971031188965 0.1554740071296692 0.617597222328186
0.4852429926395416 0.1554740071296692 0.7262175679206848
0.1228477284312248 0.855155885219574 0.12284766882658
0.5817639231681824 0.3225305378437042 0.5817640423774719
0.09652083367109299 0.855155885219574 0.1444535851478577
0.4570890367031097 0.3225305378437042 0.6840820908546448
0.4113691747188568 0.476490706205368 0.6156574487686157
0.3498407900333405 0.6114380359649658 0.523573637008667
0.2748679220676422 0.7221863865852356 0.4113690555095673
0.1893324106931686 0.804479718208313 0.2833559811115265
0.2409744709730148 0.6114380359649658 0.5817638635635376
0.1893322765827179 0.7221863865852356 0.4570887982845306
0.1304144114255905 0.804479718208313 0.3148483037948608
0.06648468971252441 0.855155885219574 0.1605082154273987
0.3148483037948608 0.3225305378437042 0.7601113319396973
0.2833559811115265 0.476490706205368 0.6840817928314209
0.1605081707239151 0.3225305378437042 0.8069298267364502
0.1444536149501801 0.476490706205368 0.7262173891067505
0.1228477284312248 0.6114380359649658 0.617597222328186
0.09652069211006165 0.7221863865852356 0.4852428436279297
0.06648465245962143 0.804479718208313 0.3342411816120148
0.03389359265565872 0.855155885219574 0.1703945994377136
0.7453999423532867 0.3923435582507202 0.3986306180183247
0.5597887679750521 0.5858703156364551 0.4593827808107109
-0.3508495001212908 0.8196951051258045 -0.2674692030834594
-0.2498633155963756 0.8936645236276368 -0.07605165853762198
-0.3903019117316961 0.825622216210175 -0.1971664822975387
-0.6929757603674287 0.5858703270029395 -0.2101926553421952
-0.5597655207613071 0.5858703205210168 0.4594115658618736
-0.5938199292823413 0.7151335839861324 -0.05846946917898697
-0.3413467477354188 0.5858703356817853 0.6386539489833307
0.8412091116238344 0.392343565456839 0.0830344649049794
0.3413791314207311 0.5858703164879552 0.6386361974290865
0.2920029269046057 0.8197473477804752 0.3306718071151325
0.3443537859719985 0.8256194667686102 0.2695020487604785
-0.02517602959538418 0.8168049403660288 0.4455067991421801
0.8089518462229665 0.3923435511157267 -0.2452029596369448
-0.05877822310696802 0.8251072731199761 -0.4334029797769068
0.3986306572321224 0.3923436542200663 -0.7454000532343265
0.08267266451646335 0.3923434664657625 0.8412448435027263
-0.2550794969305868 0.8956546329964844 0.06805550396842359
-0.1782230445882566 0.8893967548291467 -0.1914573104654562
0.8891832161079639 0.08576940354472469 -0.2798661415034766
0.7187861515548639 0.08594219378746132 0.5898567672134224
0.886006880711257 0.08621909408702996 0.2809126625164652
-0.2698720778840263 0.08593915427752638 0.8898221981322162
0.5987647485284928 0.0858505539100874 -0.7144929710377562
-0.5987633299516725 0.08577122135353489 -0.7144557489121427
0.9261098496110973 0.08610278251423133 0.07935166048767107
-0.2700445177677062 0.0859386411091191 -0.889769574068549
0.2698782860653652 0.08594052484431614 -0.88982114937145
-0.09122320816659416 0.08593964400723436 -0.9253510287658598
-0.7767824583440409 0.08643741630677355 0.5185833785850463
-0.8858496152524742 0.08609546435554015 -0.2888123472618079
0.09123087830164246 0.08594014362943078 0.9253531810571769
-0.4387888958188879 0.08592908187130373 0.8198827384070227
-0.925145581889831 0.08593637183283669 0.09267494739072969
0.7767826931072405 0.08643752469358817 -0.518582325603149
0.8195170277987243 0.08596803132361944 0.4389932161410069
0.9127996000559496 0.08548622795323761 0.181528261627091
0.9251350298431478 0.08593716703383927 -0.09271416098911939
0.4387899123622604 0.08592886531960568 -0.8198824766836019
-0.438942787665461 0.08592194433284156 -0.8197992734091207
0.09105459560687415 0.08593981626679099 -0.925371545311822
0.5899499310513077 0.08594020887142481 0.7187208050104735
-0.5987602499146397 0.08585043074362135 0.7144997146013532
-0.09105266873173559 0.08593997532304302 0.9253713391191841
-0.7760803995161485 0.08644589054430994 -0.5194832138246723
-0.8891846140572948 0.08576925253174321 0.2798643241774637
-0.9260601746783421 0.08609294818689329 -0.07982353836946306
0.2700049777532382 0.08594006547587718 0.8897746610555201
-0.9128124260477596 0.08546306695358304 -0.1832485607325084
0.4384027783838504 0.08594006352561091 0.8200027482284628

CELLS 2787 12911
3 0 1 2
3 20 1 0
3 0 2 3
3 21 0 3
3 19 20 0
3 19 0 21
3 1 9 2
3 1 8 9
3 26 8 1
3 20 26 1
3 3 2 500
3 2 9 499
3 2 499 500
3 21 3 494
3 494 3 501
3 3 500 501
3 4 5 6
3 488 5 4
3 4 6 7
3 10 4 7
3 489 4 10
3 489 488 4
3 5 31 6
3 5 30 31
3 487 30 5
3 488 487 5
3 7 6 37
3 6 31 34
3 6 34 37
3 10 7 11
3 11 7 40
3 7 37 40
3 8 13 9
3 8 12 13
3 29 12 8
3 26 29 8
3 9 13 498
3 9 498 499
3 14 10 11
3 482 10 14
3 482 489 10
3 14 11 15
3 15 11 42
3 11 40 42
3 12 495 13
3 29 32 12
3 32 36 12
3 12 36 495
3 13 495 497
3 13 497 498
3 22 14 15
3 470 14 22
3 470 482 14
3 22 15 23
3 23 15 45
3 15 42 45
3 16 17 18
3 483 17 16
3 24 16 18
3 484 16 24
3 484 483 16
3 18 17 46
3 46 17 53
3 53 17 77
3 77 17 87
3 87 17 106
3 106 17 114
3 114 17 138
3 138 17 160
3 160 17 169
3 169 17 191
3 191 17 200
3 200 17 222
3 222 17 231
3 231 17 252
3 252 17 260
3 260 17 282
3 282 17 292
3 292 17 313
3 313 17 323
3 323 17 345
3 345 17 369
3 369 17 376
3 376 17 399
3 399 17 406
3 406 17 430
3 430 17 437
3 437 17 459
3 459 17 462
3 462 17 479
3 479 17 483
3 24 18 25
3 25 18 46
3 49 20 19
3 41 19 21
3 41 49 19
3 50 26 20
3 49 50 20
3 41 21 494
3 22 23 431
3 22 431 450
3 470 22 450
3 23 45 55
3 23 55 424
3 23 424 431
3 27 24 25
3 485 24 27
3 485 484 24
3 27 25 28
3 28 25 48
3 25 46 48
3 54 29 26
3 50 54 26
3 30 27 28
3 486 27 30
3 486 485 27
3 30 28 31
3 31 28 33
3 28 48 33
3 58 32 29
3 54 58 29
3 487 486 30
3 31 33 34
3 32 35 36
3 43 35 32
3 58 43 32
3 34 33 59
3 33 48 57
3 33 57 59
3 37 34 60
3 34 59 60
3 35 39 36
3 35 38 39
3 44 38 35
3 43 44 35
3 36 39 492
3 36 492 495
3 40 37 63
3 37 60 63
3 439 39 38
3 44 47 38
3 409 38 47
3 409 439 38
3 439 440 39
3 440 492 39
3 42 40 65
3 40 63 65
3 41 71 49
3 41 78 71
3 41 100 78
3 41 107 100
3 41 134 107
3 41 140 134
3 41 161 140
3 41 171 161
3 41 195 171
3 41 204 195
3 41 223 204
3 41 246 223
3 41 253 246
3 41 279 253
3 41 288 279
3 41 307 288
3 41 314 307
3 41 341 314
3 41 349 341
3 41 370 349
3 41 380 370
3 41 400 380
3 41 412 400
3 41 433 412
3 41 451 433
3 41 513 451
3 41 494 496
3 41 496 505
3 41 505 513
3 45 42 51
3 42 65 51
3 66 44 43
3 64 43 58
3 64 66 43
3 67 47 44
3 66 67 44
3 45 51 52
3 55 45 52
3 48 46 53
3 67 68 47
3 408 47 68
3 408 409 47
3 48 53 57
3 71 50 49
3 61 54 50
3 71 61 50
3 52 51 73
3 51 65 72
3 51 72 73
3 55 52 56
3 56 52 76
3 52 73 76
3 57 53 77
3 62 58 54
3 61 62 54
3 55 56 397
3 55 397 424
3 56 76 84
3 56 84 391
3 56 391 397
3 59 57 79
3 57 77 79
3 62 64 58
3 60 59 81
3 59 79 81
3 63 60 69
3 60 81 69
3 80 62 61
3 78 61 71
3 78 80 61
3 82 64 62
3 80 82 62
3 65 63 70
3 63 69 70
3 83 66 64
3 82 83 64
3 65 70 72
3 89 67 66
3 83 89 66
3 74 68 67
3 89 74 67
3 74 75 68
3 378 68 75
3 378 408 68
3 70 69 91
3 69 81 90
3 69 90 91
3 72 70 94
3 70 91 94
3 73 72 96
3 72 94 96
3 76 73 98
3 73 96 98
3 97 75 74
3 95 74 89
3 95 97 74
3 97 99 75
3 377 75 99
3 377 378 75
3 84 76 85
3 76 98 85
3 79 77 87
3 100 80 78
3 81 79 88
3 79 87 88
3 103 82 80
3 100 103 80
3 81 88 90
3 92 83 82
3 103 92 82
3 93 89 83
3 92 93 83
3 84 85 86
3 84 86 367
3 84 367 391
3 86 85 105
3 85 98 104
3 85 104 105
3 86 105 130
3 86 130 360
3 86 360 367
3 88 87 106
3 90 88 108
3 88 106 108
3 93 95 89
3 91 90 110
3 90 108 110
3 94 91 112
3 91 110 112
3 111 93 92
3 109 92 103
3 109 111 92
3 113 95 93
3 111 113 93
3 96 94 101
3 94 112 101
3 116 97 95
3 113 116 95
3 98 96 102
3 96 101 102
3 118 99 97
3 116 118 97
3 98 102 104
3 118 120 99
3 347 99 120
3 347 377 99
3 107 103 100
3 102 101 121
3 101 112 119
3 101 119 121
3 104 102 124
3 102 121 124
3 107 109 103
3 105 104 126
3 104 124 126
3 105 126 128
3 130 105 128
3 108 106 114
3 134 109 107
3 110 108 115
3 108 114 115
3 136 111 109
3 134 136 109
3 112 110 117
3 110 115 117
3 122 113 111
3 136 122 111
3 112 117 119
3 123 116 113
3 122 123 113
3 115 114 138
3 117 115 139
3 115 138 139
3 125 118 116
3 123 125 116
3 119 117 141
3 117 139 141
3 127 120 118
3 125 127 118
3 121 119 143
3 119 141 143
3 127 129 120
3 346 120 129
3 346 347 120
3 124 121 132
3 121 143 132
3 144 123 122
3 142 122 136
3 142 144 122
3 145 125 123
3 144 145 123
3 126 124 133
3 124 132 133
3 146 127 125
3 145 146 125
3 128 126 135
3 126 133 135
3 149 129 127
3 146 149 127
3 130 128 131
3 131 128 137
3 128 135 137
3 149 151 129
3 316 129 151
3 316 346 129
3 130 131 338
3 130 338 360
3 131 137 162
3 131 162 329
3 131 329 338
3 133 132 152
3 132 143 150
3 132 150 152
3 135 133 155
3 133 152 155
3 140 136 134
3 137 135 157
3 135 155 157
3 140 142 136
3 137 157 159
3 162 137 159
3 139 138 160
3 141 139 147
3 139 160 147
3 161 142 140
3 143 141 148
3 141 147 148
3 164 144 142
3 161 164 142
3 143 148 150
3 167 145 144
3 164 167 144
3 153 146 145
3 167 153 145
3 154 149 146
3 153 154 146
3 148 147 170
3 147 160 169
3 147 169 170
3 150 148 172
3 148 170 172
3 156 151 149
3 154 156 149
3 152 150 174
3 150 172 174
3 156 158 151
3 315 151 158
3 315 316 151
3 155 152 176
3 152 174 176
3 177 154 153
3 175 153 167
3 175 177 153
3 180 156 154
3 177 180 154
3 157 155 165
3 155 176 165
3 182 158 156
3 180 182 156
3 159 157 166
3 157 165 166
3 182 184 158
3 286 158 184
3 286 315 158
3 162 159 163
3 163 159 168
3 159 166 168
3 171 164 161
3 162 163 306
3 162 306 329
3 163 168 193
3 163 193 284
3 163 284 306
3 173 167 164
3 171 173 164
3 166 165 185
3 165 176 183
3 165 183 185
3 168 166 188
3 166 185 188
3 173 175 167
3 168 188 190
3 193 168 190
3 170 169 191
3 172 170 178
3 170 191 178
3 195 173 171
3 174 172 179
3 172 178 179
3 198 175 173
3 195 198 173
3 176 174 181
3 174 179 181
3 201 177 175
3 198 201 175
3 176 181 183
3 186 180 177
3 201 186 177
3 179 178 202
3 178 191 200
3 178 200 202
3 181 179 203
3 179 202 203
3 187 182 180
3 186 187 180
3 183 181 206
3 181 203 206
3 189 184 182
3 187 189 182
3 185 183 208
3 183 206 208
3 189 192 184
3 285 184 192
3 285 286 184
3 188 185 196
3 185 208 196
3 209 187 186
3 207 186 201
3 207 209 186
3 210 189 187
3 209 210 187
3 190 188 197
3 188 196 197
3 211 192 189
3 210 211 189
3 193 190 194
3 194 190 199
3 190 197 199
3 211 214 192
3 255 192 214
3 255 285 192
3 193 194 277
3 193 277 284
3 194 199 224
3 194 224 250
3 194 250 277
3 204 198 195
3 197 196 216
3 196 208 215
3 196 215 216
3 199 197 219
3 197 216 219
3 205 201 198
3 204 205 198
3 199 219 221
3 224 199 221
3 202 200 222
3 205 207 201
3 203 202 226
3 202 222 226
3 206 203 212
3 203 226 212
3 223 205 204
3 227 207 205
3 223 227 205
3 208 206 213
3 206 212 213
3 228 209 207
3 227 228 207
3 208 213 215
3 232 210 209
3 228 232 209
3 217 211 210
3 232 217 210
3 218 214 211
3 217 218 211
3 213 212 234
3 212 226 233
3 212 233 234
3 215 213 237
3 213 234 237
3 218 220 214
3 254 214 220
3 254 255 214
3 216 215 239
3 215 237 239
3 219 216 241
3 216 239 241
3 240 218 217
3 238 217 232
3 238 240 217
3 242 220 218
3 240 242 218
3 221 219 229
3 219 241 229
3 225 220 243
3 225 254 220
3 242 243 220
3 224 221 225
3 225 221 230
3 221 229 230
3 226 222 231
3 246 227 223
3 224 225 243
3 224 243 250
3 225 230 254
3 226 231 233
3 235 228 227
3 246 235 227
3 236 232 228
3 235 236 228
3 230 229 248
3 229 241 247
3 229 247 248
3 230 248 251
3 254 230 251
3 233 231 252
3 236 238 232
3 234 233 256
3 233 252 256
3 237 234 258
3 234 256 258
3 257 236 235
3 253 235 246
3 253 257 235
3 259 238 236
3 257 259 236
3 239 237 244
3 237 258 244
3 261 240 238
3 259 261 238
3 241 239 245
3 239 244 245
3 263 242 240
3 261 263 240
3 241 245 247
3 249 243 242
3 263 249 242
3 249 250 243
3 245 244 265
3 244 258 264
3 244 264 265
3 247 245 268
3 245 265 268
3 248 247 270
3 247 268 270
3 251 248 272
3 248 270 272
3 273 250 249
3 271 249 263
3 271 273 249
3 273 277 250
3 254 251 255
3 255 251 274
3 251 272 274
3 256 252 260
3 279 257 253
3 255 274 285
3 258 256 262
3 256 260 262
3 266 259 257
3 279 266 257
3 258 262 264
3 267 261 259
3 266 267 259
3 262 260 282
3 269 263 261
3 267 269 261
3 264 262 287
3 262 282 287
3 269 271 263
3 265 264 289
3 264 287 289
3 268 265 275
3 265 289 275
3 290 267 266
3 288 266 279
3 288 290 266
3 291 269 267
3 290 291 267
3 270 268 276
3 268 275 276
3 294 271 269
3 291 294 269
3 272 270 278
3 270 276 278
3 296 273 271
3 294 296 271
3 274 272 280
3 272 278 280
3 283 277 273
3 296 283 273
3 274 280 281
3 285 274 281
3 276 275 297
3 275 289 295
3 275 295 297
3 278 276 298
3 276 297 298
3 283 284 277
3 280 278 301
3 278 298 301
3 281 280 303
3 280 301 303
3 285 281 286
3 286 281 305
3 281 303 305
3 287 282 292
3 304 284 283
3 302 283 296
3 302 304 283
3 304 306 284
3 286 305 315
3 289 287 293
3 287 292 293
3 307 290 288
3 289 293 295
3 310 291 290
3 307 310 290
3 299 294 291
3 310 299 291
3 293 292 313
3 295 293 317
3 293 313 317
3 300 296 294
3 299 300 294
3 297 295 319
3 295 317 319
3 300 302 296
3 298 297 321
3 297 319 321
3 301 298 308
3 298 321 308
3 320 300 299
3 318 299 310
3 318 320 299
3 322 302 300
3 320 322 300
3 303 301 309
3 301 308 309
3 325 304 302
3 322 325 302
3 305 303 311
3 303 309 311
3 327 306 304
3 325 327 304
3 305 311 312
3 315 305 312
3 327 329 306
3 314 310 307
3 309 308 330
3 308 321 328
3 308 328 330
3 311 309 333
3 309 330 333
3 314 318 310
3 312 311 335
3 311 333 335
3 315 312 316
3 316 312 337
3 312 335 337
3 317 313 323
3 341 318 314
3 316 337 346
3 319 317 324
3 317 323 324
3 343 320 318
3 341 343 318
3 321 319 326
3 319 324 326
3 331 322 320
3 343 331 320
3 321 326 328
3 332 325 322
3 331 332 322
3 324 323 345
3 326 324 348
3 324 345 348
3 334 327 325
3 332 334 325
3 328 326 350
3 326 348 350
3 336 329 327
3 334 336 327
3 330 328 352
3 328 350 352
3 336 338 329
3 333 330 339
3 330 352 339
3 353 332 331
3 351 331 343
3 351 353 331
3 354 334 332
3 353 354 332
3 335 333 340
3 333 339 340
3 355 336 334
3 354 355 334
3 337 335 342
3 335 340 342
3 358 338 336
3 355 358 336
3 337 342 344
3 346 337 344
3 358 360 338
3 340 339 361
3 339 352 359
3 339 359 361
3 342 340 364
3 340 361 364
3 349 343 341
3 344 342 366
3 342 364 366
3 349 351 343
3 346 344 347
3 347 344 368
3 344 366 368
3 348 345 369
3 347 368 377
3 350 348 356
3 348 369 356
3 370 351 349
3 352 350 357
3 350 356 357
3 371 353 351
3 370 371 351
3 352 357 359
3 374 354 353
3 371 374 353
3 362 355 354
3 374 362 354
3 363 358 355
3 362 363 355
3 357 356 379
3 356 369 376
3 356 376 379
3 359 357 382
3 357 379 382
3 365 360 358
3 363 365 358
3 361 359 384
3 359 382 384
3 365 367 360
3 364 361 386
3 361 384 386
3 385 363 362
3 383 362 374
3 383 385 362
3 387 365 363
3 385 387 363
3 366 364 372
3 364 386 372
3 388 367 365
3 387 388 365
3 368 366 373
3 366 372 373
3 388 391 367
3 368 373 375
3 377 368 375
3 380 371 370
3 381 374 371
3 380 381 371
3 373 372 393
3 372 386 392
3 372 392 393
3 375 373 396
3 373 393 396
3 381 383 374
3 377 375 378
3 378 375 398
3 375 396 398
3 379 376 399
3 378 398 408
3 382 379 401
3 379 399 401
3 400 381 380
3 402 383 381
3 400 402 381
3 384 382 389
3 382 401 389
3 403 385 383
3 402 403 383
3 386 384 390
3 384 389 390
3 407 387 385
3 403 407 385
3 386 390 392
3 394 388 387
3 407 394 387
3 395 391 388
3 394 395 388
3 390 389 411
3 389 401 410
3 389 410 411
3 392 390 414
3 390 411 414
3 395 397 391
3 393 392 416
3 392 414 416
3 396 393 418
3 393 416 418
3 419 395 394
3 417 394 407
3 417 419 394
3 422 397 395
3 419 422 395
3 398 396 404
3 396 418 404
3 422 424 397
3 398 404 405
3 408 398 405
3 401 399 406
3 412 402 400
3 401 406 410
3 413 403 402
3 412 413 402
3 415 407 403
3 413 415 403
3 405 404 426
3 404 418 425
3 404 425 426
3 408 405 409
3 409 405 429
3 405 426 429
3 410 406 430
3 415 417 407
3 409 429 439
3 411 410 432
3 410 430 432
3 414 411 420
3 411 432 420
3 433 413 412
3 434 415 413
3 433 434 413
3 416 414 421
3 414 420 421
3 438 417 415
3 434 438 415
3 418 416 423
3 416 421 423
3 442 419 417
3 438 442 417
3 418 423 425
3 427 422 419
3 442 427 419
3 421 420 443
3 420 432 441
3 420 441 443
3 423 421 444
3 421 443 444
3 428 424 422
3 427 428 422
3 425 423 447
3 423 444 447
3 428 431 424
3 426 425 449
3 425 447 449
3 429 426 435
3 426 449 435
3 446 428 427
3 445 427 442
3 445 446 427
3 448 431 428
3 446 448 428
3 429 435 436
3 439 429 436
3 432 430 437
3 448 450 431
3 432 437 441
3 451 434 433
3 452 438 434
3 451 452 434
3 436 435 457
3 435 449 456
3 435 456 457
3 439 436 440
3 440 436 458
3 436 457 458
3 441 437 459
3 455 442 438
3 452 455 438
3 440 458 463
3 440 463 492
3 443 441 460
3 441 459 460
3 455 445 442
3 444 443 461
3 443 460 461
3 447 444 453
3 444 461 453
3 510 446 445
3 511 445 455
3 511 510 445
3 509 448 446
3 510 509 446
3 449 447 454
3 447 453 454
3 508 450 448
3 509 508 448
3 449 454 456
3 470 450 490
3 508 490 450
3 513 452 451
3 512 455 452
3 513 512 452
3 454 453 468
3 453 461 467
3 453 467 468
3 456 454 471
3 454 468 471
3 512 511 455
3 457 456 472
3 456 471 472
3 458 457 473
3 457 472 473
3 463 458 464
3 458 473 464
3 460 459 462
3 461 460 466
3 460 462 466
3 461 466 467
3 466 462 479
3 463 464 465
3 463 465 493
3 463 493 492
3 465 464 478
3 464 473 477
3 464 477 478
3 465 478 469
3 465 469 491
3 465 491 493
3 467 466 480
3 466 479 480
3 468 467 481
3 467 480 481
3 471 468 474
3 468 481 474
3 469 482 470
3 469 470 490
3 469 478 482
3 469 490 491
3 472 471 475
3 471 474 475
3 473 472 476
3 472 475 476
3 473 476 477
3 475 474 486
3 474 481 485
3 474 485 486
3 476 475 487
3 475 486 487
3 477 476 488
3 476 487 488
3 478 477 489
3 477 488 489
3 478 489 482
3 480 479 483
3 481 480 484
3 480 483 484
3 481 484 485
3 506 491 490
3 506 490 508
3 497 493 491
3 497 491 506
3 495 492 493
3 495 493 497
3 494 501 496
3 496 501 504
3 496 504 505
3 498 497 506
3 499 498 507
3 498 506 507
3 500 499 502
3 499 507 502
3 501 500 503
3 500 502 503
3 501 503 504
3 503 502 510
3 502 507 509
3 502 509 510
3 504 503 511
3 503 510 511
3 505 504 512
3 504 511 512
3 505 512 513
3 507 506 508
3 507 508 509
4 397 395 391 51
4 391 395 388 51
4 149 154 146 530
4 43 44 66 523
4 32 12 36 514
4 508 507 509 476
4 95 89 74 528
4 509 446 448 531
4 154 149 156 530
4 66 44 67 523
4 32 36 35 514
4 508 506 507 476
4 95 74 97 528
4 448 508 509 531
4 493 564 556 473
4 564 473 491 477
4 564 473 477 464
4 491 477 562 564
4 385 362 363 520
4 294 296 300 519
4 469 491 562 564
4 465 564 491 469
4 545 306 563 163
4 8 9 13 515
4 157 545 306 563
4 157 545 563 159
4 563 561 306 157
4 163 561 306 563
4 302 300 296 519
4 385 363 387 520
4 163 561 563 159
4 73 557 51 52
4 51 557 73 391
4 51 557 547 52
4 8 13 12 515
4 397 557 547 51
4 547 557 56 52
4 2 526 3 525
4 2 526 525 461
4 2 526 1 0
4 201 529 207 205
4 1 526 2 461
4 397 557 51 391
4 542 555 281 286
4 285 281 555 286
4 20 526 1 443
4 443 526 1 461
4 54 390 58 62
4 83 82 384 359
4 58 390 54 414
4 58 390 64 62
4 264 198 262 529
4 318 139 141 343
4 104 560 126 338
4 28 438 434 527
4 516 518 267 266
4 257 203 259 516
4 500 501 467 525
4 11 537 15 42
4 227 529 258 256
4 11 537 42 424
4 20 526 443 441
4 212 235 226 257
4 434 438 452 527
4 501 500 3 525
4 266 267 290 518
4 257 259 266 516
4 452 438 455 527
4 3 500 2 525
4 266 259 267 516
4 290 267 291 518
4 468 471 474 524
4 207 529 201 264
4 359 382 357 82
4 143 148 141 521
4 471 475 474 524
4 227 529 207 258
4 384 382 359 82
4 150 148 143 521
4 60 34 37 522
4 63 60 37 522
4 485 527 452 455
4 390 58 64 392
4 310 518 290 291
4 516 518 266 178
4 90 108 88 371
4 117 139 115 343
4 256 258 262 529
4 460 441 443 526
4 110 108 90 371
4 141 139 117 343
4 262 258 264 529
4 461 460 443 526
4 417 34 407 522
4 203 226 202 257
4 407 34 60 522
4 212 226 203 257
4 502 499 468 524
4 132 334 325 332
4 12 13 454 515
4 263 240 215 261
4 339 125 116 123
4 302 296 176 519
4 121 355 334 354
4 183 296 271 294
4 94 387 363 520
4 187 180 276 186
4 240 217 239 238
4 258 529 207 264
4 411 414 54 390
4 148 150 299 521
4 468 474 502 524
4 12 454 447 515
4 263 215 208 261
4 334 132 121 332
4 183 176 296 294
4 339 330 125 123
4 276 268 187 186
4 121 101 355 354
4 176 152 302 519
4 239 215 240 238
4 387 94 70 520
4 320 143 141 521
4 55 537 547 45
4 359 357 92 82
4 307 288 290 517
4 279 517 533 266
4 16 433 41 451
4 483 451 41 513
4 433 46 41 412
4 437 494 459 41
4 41 21 19 437
4 71 406 41 49
4 77 370 41 380
4 41 19 49 430
4 400 77 41 380
4 400 41 53 412
4 41 459 496 494
4 41 349 370 106
4 41 399 71 78
4 107 369 41 100
4 496 479 41 505
4 41 78 100 376
4 41 341 349 114
4 41 160 307 314
4 195 282 41 171
4 41 314 341 114
4 41 107 134 345
4 252 195 41 204
4 169 307 288 41
4 483 505 513 41
4 161 171 41 292
4 246 231 41 223
4 140 161 41 313
4 246 41 200 253
4 223 252 41 204
4 279 200 41 253
4 41 134 140 323
4 169 279 41 288
4 290 310 307 517
4 433 16 41 18
4 483 451 513 484
4 46 433 41 18
4 370 77 41 87
4 77 400 41 53
4 41 46 53 412
4 437 494 41 21
4 87 41 370 106
4 459 462 41 496
4 430 49 41 406
4 437 19 41 430
4 479 496 41 462
4 406 71 41 399
4 169 307 41 160
4 114 349 41 106
4 41 160 314 138
4 41 314 114 138
4 41 399 78 376
4 369 107 41 345
4 292 171 41 282
4 376 100 41 369
4 282 195 41 260
4 483 505 41 479
4 222 231 41 246
4 200 222 41 246
4 195 252 41 260
4 169 279 288 517
4 323 140 41 313
4 313 161 41 292
4 231 252 41 223
4 323 41 134 345
4 200 279 41 191
4 161 142 317 140
4 136 324 140 134
4 204 223 256 205
4 109 348 134 107
4 195 171 173 287
4 164 171 161 293
4 204 198 256 195
4 100 78 80 379
4 505 496 480 504
4 107 100 103 356
4 71 401 61 78
4 19 21 0 441
4 441 21 3 494
4 410 50 49 71
4 20 49 19 432
4 400 380 381 79
4 494 501 460 496
4 380 371 79 370
4 412 402 57 400
4 433 413 48 412
4 451 434 24 433
4 513 505 484 512
4 513 452 484 451
4 106 108 114 532
4 200 202 222 533
4 317 161 140 313
4 134 348 345 107
4 140 324 323 134
4 433 16 24 451
4 484 483 505 513
4 496 480 479 505
4 256 252 223 204
4 78 100 376 379
4 399 78 401 71
4 171 195 282 287
4 292 161 171 293
4 256 252 204 195
4 100 107 369 356
4 410 49 406 71
4 437 494 21 441
4 441 19 21 437
4 432 49 19 430
4 496 459 460 494
4 380 400 77 79
4 483 451 484 16
4 57 53 412 400
4 48 46 433 412
4 370 380 77 79
4 434 451 24 452
4 142 324 140 136
4 173 293 171 164
4 227 256 223 205
4 317 164 142 161
4 198 204 256 205
4 198 287 195 173
4 136 348 134 109
4 109 356 107 103
4 356 80 100 103
4 480 501 504 496
4 371 380 79 381
4 80 401 78 61
4 402 79 400 381
4 494 501 3 460
4 50 432 49 20
4 441 20 0 19
4 434 48 433 413
4 401 50 410 71
4 48 402 412 413
4 21 3 0 441
4 504 484 505 512
4 452 513 484 512
4 17 16 18 41
4 41 17 16 483
4 17 18 46 41
4 77 17 41 87
4 46 53 17 41
4 53 17 41 77
4 87 17 41 106
4 160 41 17 138
4 114 41 17 106
4 114 17 41 138
4 169 41 17 160
4 169 17 41 191
4 231 41 17 222
4 41 17 462 459
4 191 17 41 200
4 222 41 17 200
4 17 41 437 459
4 437 41 17 430
4 17 41 462 479
4 282 41 17 260
4 252 41 17 231
4 430 41 17 406
4 252 17 41 260
4 292 41 17 282
4 406 41 17 399
4 41 17 483 479
4 313 41 17 292
4 399 41 17 376
4 376 41 17 369
4 369 41 17 345
4 323 41 17 313
4 323 17 41 345
4 108 115 114 532
4 202 226 222 533
4 362 94 363 520
4 332 121 334 354
4 296 294 176 519
4 13 9 454 515
4 322 132 325 332
4 113 339 116 123
4 271 269 183 294
4 180 177 276 186
4 215 240 238 261
4 217 232 239 238
4 383 81 402 381
4 353 371 351 110
4 351 343 331 117
4 413 33 415 434
4 374 371 81 381
4 227 529 256 205
4 198 175 289 173
4 413 403 33 402
4 320 343 318 141
4 318 299 141 310
4 164 144 319 142
4 235 228 234 227
4 493 564 465 556
4 20 526 441 0
4 26 50 20 420
4 173 164 167 295
4 136 111 350 109
4 212 235 257 236
4 310 518 291 172
4 61 54 389 50
4 103 82 357 80
4 142 122 326 136
4 62 61 389 80
4 501 503 481 504
4 493 564 491 465
4 92 109 103 357
4 504 511 485 512
4 512 455 485 452
4 24 18 16 433
4 140 323 317 313
4 292 287 171 282
4 480 483 479 505
4 369 348 107 345
4 376 356 100 369
4 399 379 78 376
4 233 252 231 223
4 479 462 466 496
4 260 256 195 252
4 292 313 161 293
4 430 410 49 406
4 406 401 71 399
4 134 323 345 324
4 437 494 441 459
4 260 282 195 262
4 437 432 19 430
4 460 462 459 496
4 57 53 400 77
4 370 77 87 79
4 48 53 46 412
4 25 46 18 433
4 483 451 16 41
4 227 529 205 207
4 351 117 115 343
4 81 402 381 79
4 198 289 287 173
4 371 81 381 79
4 48 33 413 434
4 48 402 413 33
4 164 319 317 142
4 233 235 234 227
4 350 348 136 109
4 20 526 0 1
4 310 318 139 141
4 432 50 420 20
4 310 518 172 170
4 164 173 293 295
4 501 481 480 504
4 326 142 136 324
4 401 50 71 61
4 80 103 356 357
4 401 389 61 80
4 103 109 356 357
4 504 485 484 512
4 452 484 485 512
4 324 142 140 317
4 293 173 171 287
4 317 164 161 293
4 227 256 233 223
4 434 24 433 25
4 356 109 107 348
4 136 348 324 134
4 195 198 256 262
4 198 287 262 195
4 80 356 100 379
4 504 484 480 505
4 401 80 78 379
4 480 501 496 466
4 451 484 24 452
4 79 370 371 88
4 401 50 61 389
4 496 501 460 466
4 432 50 49 410
4 79 402 400 57
4 460 441 3 494
4 441 20 19 432
4 48 402 33 57
4 48 434 433 25
4 299 320 141 521
4 463 556 493 465
4 54 62 389 390
4 549 377 534 99
4 440 458 535 463
4 409 536 38 439
4 558 23 15 537
4 316 538 129 346
4 346 549 120 347
4 559 224 199 539
4 439 550 39 440
4 552 408 540 68
4 554 254 541 220
4 540 409 551 47
4 534 378 552 75
4 315 553 151 316
4 286 542 158 315
4 539 225 221 554
4 23 45 537 55
4 255 543 192 285
4 285 555 184 286
4 84 85 544 86
4 463 464 556 465
4 56 76 557 84
4 541 255 543 214
4 546 22 14 558
4 193 190 559 194
4 163 168 545 193
4 544 130 105 560
4 562 470 482 546
4 55 52 547 56
4 560 131 128 548
4 548 162 137 561
4 163 561 159 162
4 465 478 564 469
4 403 81 402 383
4 110 374 353 371
4 33 438 415 434
4 403 413 33 415
4 81 383 374 381
4 331 353 351 117
4 228 258 227 207
4 175 198 289 201
4 318 299 320 141
4 143 521 322 150
4 343 320 331 141
4 54 420 50 26
4 235 228 236 234
4 61 54 62 389
4 167 175 173 295
4 103 82 92 357
4 144 164 319 167
4 82 62 389 80
4 1 20 443 26
4 291 310 172 299
4 236 257 212 259
4 111 136 350 122
4 326 144 122 142
4 322 521 143 320
4 109 92 111 357
4 503 501 481 500
4 512 455 511 485
4 511 504 485 503
4 484 24 16 451
4 24 18 433 25
4 140 324 317 323
4 233 252 223 256
4 317 161 313 293
4 287 292 171 293
4 348 369 107 356
4 134 348 324 345
4 480 483 505 484
4 356 376 100 379
4 256 260 195 262
4 287 195 282 262
4 466 480 479 496
4 379 399 78 401
4 401 406 71 410
4 410 430 49 432
4 460 466 462 496
4 79 87 370 88
4 432 437 19 441
4 441 459 494 460
4 77 400 57 79
4 48 53 412 57
4 25 46 433 48
4 370 371 88 532
4 200 191 178 533
4 374 81 69 383
4 228 244 258 207
4 203 267 206 259
4 403 33 34 415
4 69 81 403 383
4 359 357 111 92
4 181 179 291 267
4 275 289 201 175
4 237 234 236 228
4 474 481 500 503
4 438 34 33 415
4 112 110 374 353
4 212 213 236 259
4 438 28 31 455
4 119 353 331 117
4 2 1 461 453
4 503 486 485 511
4 144 167 319 321
4 264 201 207 265
4 443 1 26 444
4 26 54 420 421
4 143 331 320 141
4 2 468 467 500
4 390 62 389 82
4 295 167 175 297
4 328 144 122 326
4 172 291 299 174
4 111 352 122 350
4 486 485 511 455
4 69 374 383 362
4 244 228 209 207
4 500 502 474 503
4 83 82 359 92
4 267 206 259 261
4 267 291 181 269
4 322 521 300 150
4 111 93 359 92
4 236 213 238 259
4 34 403 415 407
4 236 232 237 228
4 175 201 275 177
4 300 521 322 320
4 403 383 385 69
4 468 2 499 500
4 1 2 9 453
4 374 354 112 353
4 417 34 438 415
4 353 332 119 331
4 321 144 167 145
4 265 201 207 186
4 8 26 1 444
4 331 322 143 320
4 297 167 175 153
4 390 64 62 82
4 442 438 31 455
4 122 113 352 111
4 54 26 29 421
4 294 299 291 174
4 144 122 123 328
4 510 486 503 511
4 511 445 486 455
4 373 552 396 68
4 396 552 373 375
4 396 552 540 68
4 398 552 540 396
4 544 130 560 360
4 544 391 84 367
4 548 162 561 329
4 545 306 163 284
4 163 561 162 306
4 552 408 68 378
4 398 552 396 375
4 254 541 220 214
4 539 225 554 243
4 554 254 220 225
4 555 192 272 543
4 555 192 543 285
4 184 542 286 555
4 553 158 542 315
4 538 151 553 316
4 549 129 538 346
4 347 99 549 120
4 377 99 75 534
4 535 39 440 492
4 536 47 551 409
4 550 38 536 439
4 408 47 540 68
4 378 68 552 75
4 465 556 564 464
4 14 546 482 470
4 469 564 562 478
4 550 38 439 39
4 550 426 39 435
4 114 115 138 532
4 290 170 310 517
4 48 28 434 25
4 48 402 57 412
4 79 371 81 88
4 59 57 402 79
4 293 289 173 287
4 441 420 20 432
4 170 148 310 147
4 235 233 212 226
4 256 234 227 233
4 348 326 136 324
4 50 432 411 410
4 401 382 80 379
4 317 295 164 293
4 147 141 310 139
4 287 264 198 262
4 319 324 317 142
4 80 356 379 357
4 401 50 389 410
4 350 356 348 109
4 484 481 504 480
4 480 467 501 466
4 484 452 485 24
4 37 34 417 522
4 178 202 200 533
4 499 502 468 500
4 232 244 228 209
4 269 206 267 261
4 1 9 8 444
4 453 499 468 2
4 237 238 232 236
4 113 359 111 93
4 181 291 294 269
4 259 213 238 261
4 93 83 359 92
4 300 521 299 150
4 265 207 209 186
4 186 275 201 177
4 354 332 119 353
4 502 510 474 503
4 299 521 300 320
4 8 29 26 421
4 297 145 321 167
4 177 297 175 153
4 150 294 299 300
4 143 332 322 331
4 64 390 83 82
4 385 403 69 407
4 445 511 486 510
4 113 352 123 122
4 34 415 417 407
4 362 112 374 354
4 328 123 144 145
4 442 34 438 417
4 421 58 29 54
4 362 383 69 385
4 445 442 31 455
4 139 138 115 532
4 445 6 31 442
4 423 58 29 421
4 37 34 442 417
4 453 499 2 9
4 390 58 392 414
4 177 298 297 153
4 64 390 392 83
4 112 362 101 354
4 83 359 361 93
4 359 113 361 93
4 297 145 167 153
4 300 150 152 322
4 245 232 209 244
4 261 206 208 269
4 421 8 29 423
4 407 69 385 70
4 265 209 268 186
4 145 328 123 330
4 475 502 510 474
4 510 445 487 486
4 445 427 6 442
4 442 419 37 417
4 58 32 423 29
4 362 355 101 354
4 64 43 392 58
4 322 302 152 300
4 9 498 454 499
4 407 387 70 385
4 66 64 392 83
4 177 154 298 153
4 93 89 361 83
4 113 95 361 93
4 269 263 208 261
4 232 210 245 209
4 29 12 423 8
4 153 146 298 145
4 209 187 268 186
4 330 123 145 125
4 502 509 475 510
4 510 446 487 445
4 33 28 438 434
4 403 81 59 402
4 81 371 374 90
4 59 33 403 402
4 110 374 371 90
4 117 353 351 110
4 258 228 227 234
4 117 343 331 141
4 289 201 198 264
4 310 299 141 148
4 2 3 526 0
4 289 173 175 295
4 234 235 212 236
4 420 54 50 411
4 148 172 310 299
4 26 20 443 420
4 485 527 455 27
4 319 167 164 295
4 203 212 257 259
4 80 389 82 382
4 50 54 389 411
4 357 80 82 382
4 122 136 350 326
4 319 144 326 142
4 542 280 303 281
4 350 109 111 357
4 481 500 501 467
4 485 503 504 481
4 28 48 434 33
4 402 81 59 79
4 90 81 371 88
4 33 59 57 402
4 110 115 351 117
4 227 258 234 256
4 141 147 310 148
4 198 289 264 287
4 235 233 234 212
4 148 170 310 172
4 485 527 27 24
4 289 293 173 295
4 420 441 20 443
4 50 432 420 411
4 295 317 164 319
4 326 348 136 350
4 50 411 389 410
4 357 379 80 382
4 382 401 80 389
4 319 324 142 326
4 350 356 109 357
4 467 480 501 481
4 504 485 481 484
4 550 426 435 429
4 105 544 560 104
4 550 426 429 536
4 157 284 306 545
4 544 391 367 98
4 137 548 561 135
4 159 561 563 157
4 550 38 39 426
4 554 254 225 230
4 221 539 554 219
4 439 536 550 429
4 229 214 541 248
4 192 543 255 214
4 184 542 555 280
4 342 549 366 99
4 549 129 346 120
4 553 158 315 151
4 538 151 316 129
4 549 120 99 342
4 366 75 534 373
4 435 492 535 457
4 536 47 409 38
4 550 38 426 536
4 396 47 540 404
4 68 552 75 373
4 546 22 558 450
4 493 564 473 491
4 564 477 562 478
4 366 549 342 344
4 366 549 534 99
4 299 141 148 521
4 555 274 281 285
4 54 389 411 390
4 279 517 266 288
4 456 12 13 454
4 7 6 446 427
4 419 65 63 394
4 125 340 339 116
4 456 13 498 454
4 425 43 32 423
4 392 393 66 89
4 498 507 476 475
4 247 245 217 210
4 37 40 419 427
4 330 333 125 146
4 364 361 116 95
4 155 152 325 302
4 216 263 240 215
4 185 183 296 271
4 180 187 276 278
4 271 263 196 208
4 70 72 387 394
4 240 217 241 239
4 210 268 187 270
4 301 298 180 154
4 102 101 363 355
4 355 124 121 334
4 165 302 296 176
4 334 133 132 325
4 387 96 94 363
4 448 431 450 10
4 450 10 508 448
4 489 450 508 490
4 448 431 10 428
4 424 428 11 431
4 428 424 11 422
4 395 42 397 422
4 491 497 473 493
4 424 397 42 422
4 67 396 68 74
4 75 74 68 373
4 99 120 118 342
4 426 39 35 38
4 99 118 97 366
4 495 493 492 457
4 435 492 457 36
4 126 329 336 338
4 229 220 218 242
4 367 98 388 365
4 327 135 329 336
4 388 391 98 367
4 219 220 242 243
4 273 250 197 249
4 492 457 36 495
4 39 35 36 435
4 277 250 188 273
4 404 38 426 44
4 342 129 127 335
4 44 47 67 404
4 396 47 404 67
4 98 360 365 367
4 248 192 272 211
4 104 360 358 365
4 38 44 35 426
4 211 189 192 272
4 506 490 477 508
4 120 127 118 342
4 273 188 277 283
4 104 338 358 360
4 135 306 327 329
4 197 243 249 250
4 157 306 304 327
4 506 490 491 477
4 366 75 373 97
4 188 284 277 283
4 477 497 491 506
4 311 129 335 149
4 157 284 545 166
4 242 219 243 249
4 151 156 149 311
4 304 284 166 283
4 335 127 149 129
4 272 184 280 189
4 495 493 457 497
4 303 151 311 156
4 280 182 189 184
4 280 158 303 182
4 229 214 248 218
4 336 126 338 358
4 75 97 74 373
4 211 248 214 218
4 158 182 156 303
4 12 495 456 13
4 498 506 476 507
4 125 118 340 116
4 89 67 393 66
4 43 35 425 32
4 146 127 333 125
4 116 97 364 95
4 217 211 247 210
4 419 395 65 394
4 13 497 456 498
4 40 422 419 427
4 446 428 7 427
4 263 242 216 240
4 187 182 278 180
4 210 189 270 187
4 325 304 155 302
4 271 249 196 263
4 387 72 388 394
4 240 218 241 217
4 296 273 185 271
4 363 358 102 355
4 180 156 301 154
4 334 327 133 325
4 302 296 283 165
4 355 336 124 334
4 96 387 365 363
4 28 30 455 27
4 244 264 258 207
4 453 467 461 2
4 444 461 443 1
4 228 258 237 234
4 275 295 289 175
4 289 265 201 264
4 297 319 295 167
4 119 141 117 331
4 212 206 259 203
4 213 234 212 236
4 384 389 382 82
4 474 485 481 503
4 468 481 467 500
4 81 60 403 59
4 321 326 319 144
4 352 357 350 111
4 174 179 172 291
4 112 117 110 353
4 150 172 148 299
4 328 350 326 122
4 90 69 374 81
4 91 110 90 374
4 181 203 179 267
4 421 443 420 26
4 33 403 34 59
4 414 420 411 54
4 438 33 31 28
4 485 486 27 455
4 427 445 6 446
4 419 442 37 427
4 43 64 392 66
4 362 355 363 101
4 407 387 394 70
4 43 423 58 32
4 322 302 325 152
4 12 29 423 32
4 9 498 13 454
4 83 392 66 89
4 93 89 95 361
4 146 153 298 154
4 263 269 208 271
4 154 177 298 180
4 209 187 210 268
4 95 113 361 116
4 245 217 210 232
4 125 145 330 146
4 510 446 509 487
4 475 507 509 502
4 4 10 428 448
4 428 11 7 422
4 396 67 393 74
4 497 456 457 495
4 395 40 42 422
4 364 97 118 366
4 477 497 506 476
4 242 218 229 241
4 495 457 36 456
4 211 270 189 272
4 196 273 197 249
4 425 35 44 426
4 96 388 98 365
4 336 327 135 133
4 283 273 188 185
4 278 182 189 280
4 358 102 104 365
4 127 340 118 342
4 304 155 157 327
4 166 304 283 165
4 149 333 127 335
4 218 211 248 247
4 301 156 182 303
4 249 242 219 216
4 126 336 124 358
4 318 517 139 532
4 169 279 517 191
4 178 517 266 533
4 499 471 468 524
4 45 23 537 15
4 76 56 557 52
4 52 55 547 45
4 85 84 544 76
4 560 131 548 338
4 105 544 104 85
4 137 548 135 128
4 168 163 545 159
4 159 561 157 137
4 190 193 559 168
4 559 224 539 250
4 221 539 219 199
4 554 220 541 229
4 555 274 285 543
4 248 192 211 214
4 280 158 182 184
4 311 129 149 151
4 553 305 315 542
4 368 549 534 366
4 549 377 99 347
4 534 375 377 368
4 458 440 535 436
4 404 38 44 47
4 368 549 366 344
4 540 405 408 398
4 342 129 335 549
4 562 470 546 490
4 14 546 558 10
4 478 465 564 464
4 464 463 556 458
4 558 23 537 431
4 475 502 474 524
4 4 428 446 448
4 497 13 456 495
4 12 495 36 456
4 498 506 497 476
4 89 67 74 393
4 35 43 425 44
4 118 125 340 127
4 127 146 333 149
4 116 97 118 364
4 211 217 247 218
4 422 395 40 419
4 65 388 394 395
4 242 263 216 249
4 210 189 211 270
4 182 187 278 189
4 7 428 422 427
4 273 296 185 283
4 271 249 273 196
4 240 218 242 241
4 304 325 155 327
4 156 180 301 182
4 133 336 327 334
4 336 355 124 358
4 283 304 302 165
4 365 358 102 363
4 96 387 388 365
4 310 170 147 517
4 318 517 532 314
4 266 517 170 290
4 31 5 445 30
4 34 6 442 31
4 384 386 390 83
4 555 274 280 281
4 332 143 121 119
4 112 94 362 91
4 359 339 113 352
4 453 499 9 454
4 69 63 407 60
4 416 58 421 414
4 297 145 153 298
4 359 83 361 384
4 123 352 330 328
4 119 112 101 354
4 8 421 444 423
4 294 181 176 174
4 143 132 150 322
4 145 321 328 308
4 268 275 265 186
4 238 215 213 237
4 209 245 244 265
4 269 181 206 183
4 244 239 232 237
4 297 275 276 177
4 206 208 213 261
4 486 475 510 474
4 487 445 30 486
4 228 244 237 258
4 474 485 503 486
4 213 234 236 237
4 30 28 455 31
4 244 264 207 265
4 206 212 259 213
4 181 203 267 206
4 265 289 201 275
4 444 461 1 453
4 69 90 374 91
4 468 481 500 474
4 453 467 2 468
4 174 179 291 181
4 352 357 111 359
4 275 295 175 297
4 297 319 167 321
4 60 81 403 69
4 59 403 34 60
4 384 389 82 390
4 119 141 331 143
4 421 443 26 444
4 112 117 353 119
4 150 172 299 174
4 328 350 122 352
4 321 326 144 328
4 414 420 54 421
4 91 110 374 112
4 438 34 31 33
4 486 30 27 455
4 244 232 228 237
4 474 468 502 500
4 237 213 238 236
4 206 269 267 181
4 9 1 453 444
4 359 113 111 352
4 453 499 454 468
4 259 206 213 261
4 209 244 207 265
4 542 280 281 555
4 69 374 362 91
4 174 291 294 181
4 201 265 275 186
4 445 31 30 455
4 526 525 460 3
4 510 486 474 503
4 34 403 407 60
4 26 8 421 444
4 143 119 332 331
4 275 297 175 177
4 297 145 298 321
4 390 384 83 82
4 69 403 60 407
4 460 525 526 461
4 119 112 354 353
4 321 328 144 145
4 294 150 299 174
4 122 352 123 328
4 421 58 54 414
4 112 362 374 91
4 442 34 31 438
4 486 445 30 455
4 63 407 60 522
4 126 560 104 105
4 302 152 300 519
4 387 70 385 520
4 562 489 490 546
4 562 470 490 469
4 8 12 447 515
4 477 489 490 562
4 491 477 490 562
4 469 491 490 562
4 135 306 329 561
4 203 267 259 516
4 179 291 267 518
4 438 28 455 527
4 467 2 500 525
4 4 6 5 446
4 63 40 419 37
4 132 124 334 121
4 241 245 239 217
4 454 498 456 471
4 133 152 132 325
4 102 121 101 355
4 96 101 94 363
4 454 449 12 447
4 475 472 498 471
4 165 183 176 296
4 268 247 210 245
4 270 276 268 187
4 418 43 423 416
4 392 386 372 89
4 7 37 6 427
4 215 196 263 208
4 155 176 152 302
4 339 330 333 125
4 216 239 215 240
4 65 70 63 394
4 185 208 183 271
4 340 361 339 116
4 298 278 180 276
4 309 330 308 146
4 94 72 387 70
4 342 129 549 120
4 42 15 45 537
4 557 76 52 73
4 76 85 98 544
4 105 544 85 86
4 168 545 166 159
4 549 335 342 337
4 52 51 45 547
4 560 128 130 105
4 544 73 76 557
4 137 548 128 131
4 549 335 337 538
4 98 85 104 544
4 159 561 137 162
4 126 548 128 135
4 559 199 194 190
4 190 188 168 559
4 221 539 199 224
4 549 129 335 538
4 157 545 159 166
4 230 554 541 229
4 561 157 137 135
4 221 219 554 229
4 346 538 549 337
4 184 542 280 158
4 248 192 214 543
4 229 214 218 220
4 272 555 280 184
4 311 538 151 553
4 184 542 158 286
4 197 219 539 199
4 303 553 542 305
4 558 15 22 14
4 558 23 431 22
4 272 184 189 192
4 14 546 10 482
4 303 553 305 311
4 558 15 14 11
4 11 558 537 431
4 458 535 457 436
4 534 375 368 373
4 366 75 97 99
4 11 558 10 14
4 10 558 11 431
4 404 536 47 551
4 540 405 398 404
4 404 536 551 405
4 562 482 469 478
4 396 47 67 68
4 463 535 556 458
4 311 538 553 312
4 535 435 550 39
4 492 556 463 535
4 10 546 489 482
4 564 473 464 556
4 477 489 562 478
4 478 564 477 464
4 457 556 535 458
4 464 458 556 473
4 457 556 458 473
4 558 15 11 537
4 5 31 445 6
4 6 34 442 37
4 423 58 421 416
4 416 58 414 392
4 386 392 390 83
4 454 499 471 468
4 94 362 101 112
4 384 361 386 83
4 339 359 113 361
4 63 69 407 70
4 447 8 444 423
4 132 152 150 322
4 308 145 321 298
4 328 145 308 330
4 177 298 276 297
4 269 206 208 183
4 209 245 265 268
4 245 232 244 239
4 475 486 510 487
4 445 30 5 487
4 517 138 532 314
4 7 10 428 4
4 40 7 11 422
4 42 65 40 395
4 473 497 476 472
4 497 456 472 457
4 393 74 372 373
4 340 364 118 342
4 185 273 188 196
4 388 72 96 73
4 249 197 196 216
4 127 333 340 335
4 456 435 36 449
4 241 219 242 216
4 165 283 166 185
4 102 96 98 365
4 418 425 44 404
4 124 336 126 133
4 270 278 189 272
4 155 135 327 133
4 309 333 149 311
4 247 211 248 270
4 304 157 155 165
4 241 218 229 247
4 102 104 124 358
4 278 301 182 280
4 446 6 5 445
4 6 37 442 427
4 423 43 58 416
4 101 362 94 363
4 58 43 392 416
4 83 386 392 89
4 70 407 63 394
4 499 498 454 471
4 322 132 152 325
4 83 361 386 89
4 12 8 447 423
4 361 113 339 116
4 298 180 177 276
4 298 145 146 308
4 269 208 271 183
4 245 209 210 268
4 245 217 232 239
4 145 308 330 146
4 509 475 510 487
4 445 5 446 487
4 428 431 10 11
4 489 450 490 546
4 424 42 11 422
4 74 396 68 373
4 366 99 118 342
4 397 51 42 395
4 477 497 476 473
4 489 490 508 477
4 39 426 35 435
4 435 492 36 39
4 396 47 68 540
4 404 38 47 536
4 457 497 493 473
4 219 220 243 554
4 342 129 120 127
4 188 250 197 273
4 366 75 99 534
4 248 192 543 272
4 126 329 338 548
4 197 243 250 539
4 98 360 367 544
4 388 391 73 98
4 303 151 156 158
4 188 284 283 166
4 555 192 285 184
4 311 129 151 538
4 542 280 158 303
4 135 306 561 157
4 338 104 358 126
4 229 214 220 541
4 157 284 166 304
4 488 508 509 476
4 44 43 418 523
4 372 74 89 528
4 36 12 449 514
4 446 4 448 531
4 146 309 149 530
4 10 7 428 11
4 40 11 42 422
4 74 393 396 373
4 477 497 473 491
4 366 118 364 342
4 489 508 488 477
4 457 435 36 456
4 473 457 497 472
4 404 425 44 426
4 340 127 335 342
4 242 229 219 241
4 42 65 395 51
4 335 149 333 311
4 219 197 249 216
4 273 197 188 196
4 270 211 248 272
4 272 278 189 280
4 218 248 229 247
4 73 96 388 98
4 188 166 283 185
4 280 301 182 303
4 336 135 126 133
4 102 98 104 365
4 135 157 155 327
4 166 157 304 165
4 124 104 126 358
4 4 6 446 7
4 12 456 449 454
4 498 476 472 475
4 418 43 425 423
4 393 392 372 89
4 498 472 456 471
4 340 125 339 333
4 241 245 217 247
4 364 361 340 116
4 40 63 419 65
4 247 268 210 270
4 333 330 309 146
4 270 276 187 278
4 7 37 427 40
4 124 132 334 133
4 196 215 263 216
4 102 121 355 124
4 278 298 180 301
4 165 183 296 185
4 216 239 240 241
4 133 152 325 155
4 96 101 363 102
4 185 208 271 196
4 155 176 302 165
4 65 70 394 72
4 72 94 387 96
4 456 36 12 449
4 498 476 497 472
4 44 43 425 418
4 372 74 393 89
4 127 333 125 340
4 146 309 333 149
4 118 364 340 116
4 428 4 446 7
4 241 217 218 247
4 456 498 497 472
4 187 270 278 189
4 395 65 40 419
4 211 247 210 270
4 249 196 263 216
4 422 40 7 427
4 180 278 301 182
4 165 296 283 185
4 242 240 241 216
4 133 327 155 325
4 271 273 185 196
4 133 124 336 334
4 124 102 358 355
4 388 65 394 72
4 365 102 96 363
4 304 155 302 165
4 387 72 96 388
4 517 138 314 160
4 455 28 27 527
4 179 172 291 518
4 203 179 267 516
4 467 461 2 525
4 135 306 157 327
4 67 393 66 523
4 35 425 32 514
4 508 488 509 531
4 97 364 95 528
4 156 301 154 530
4 561 548 329 135
4 139 517 310 147
4 178 517 533 191
4 256 198 205 529
4 3 0 441 526
4 231 222 226 533
4 318 517 314 310
4 266 517 290 288
4 370 349 351 532
4 391 388 73 51
4 162 306 561 329
4 88 108 106 532
4 226 233 231 533
4 548 162 329 131
4 235 246 233 533
4 370 351 371 532
4 246 235 253 533
4 349 341 343 532
4 198 256 262 529
4 441 460 3 526
4 139 517 147 160
4 178 517 191 170
4 253 257 279 533
4 341 314 318 532
4 349 370 106 532
4 257 253 235 533
4 351 349 343 532
4 257 266 279 533
4 318 343 341 532
4 88 371 108 532
4 231 246 222 533
4 314 341 114 532
4 253 279 200 533
4 114 138 314 532
4 200 279 191 533
4 341 349 114 532
4 246 253 200 533
4 235 233 246 227
4 318 139 343 532
4 106 114 349 532
4 200 222 246 533
4 233 226 235 533
4 548 162 131 137
4 226 257 235 533
4 560 104 360 338
4 560 544 360 104
4 115 351 343 532
4 202 266 257 533
4 202 266 533 178
4 544 130 360 86
4 115 343 139 532
4 202 257 226 533
4 169 307 160 517
4 169 170 517 147
4 485 527 24 452
4 527 24 452 434
4 25 527 24 27
4 25 24 527 434
4 28 527 25 27
4 28 25 527 434
4 516 518 178 179
4 202 266 178 516
4 202 516 178 179
4 202 266 516 257
4 203 516 202 179
4 203 202 516 257
4 310 518 170 290
4 518 170 290 266
4 178 518 170 172
4 178 170 518 266
4 179 518 178 172
4 516 518 179 267
4 3 525 460 501
4 198 529 201 205
4 525 466 460 501
4 460 466 525 461
4 525 467 466 501
4 466 467 525 461
4 360 130 560 338
4 51 65 395 388
4 544 130 86 105
4 72 65 51 388
4 424 547 537 42
4 73 72 51 388
4 121 354 119 101
4 121 119 354 332
4 547 42 397 51
4 250 188 559 277
4 132 332 143 121
4 132 143 332 322
4 194 250 559 277
4 193 559 277 194
4 385 520 69 362
4 69 520 385 70
4 520 91 69 362
4 69 91 520 70
4 520 94 91 362
4 91 94 520 70
4 300 519 150 294
4 150 519 300 152
4 519 174 150 294
4 150 174 519 152
4 519 176 174 294
4 174 176 519 152
4 183 294 181 176
4 183 181 294 269
4 558 546 450 10
4 431 10 558 450
4 8 515 444 9
4 444 515 8 447
4 515 453 444 9
4 444 453 515 447
4 515 454 453 9
4 453 454 515 447
4 339 123 352 330
4 339 352 123 113
4 546 22 450 470
4 431 558 22 450
4 239 238 237 215
4 239 237 238 232
4 546 22 470 14
4 276 186 275 268
4 276 275 186 177
4 272 555 274 280
4 215 261 213 208
4 215 213 261 238
4 248 543 251 272
4 272 555 543 274
4 66 523 392 43
4 392 523 66 393
4 523 416 392 43
4 392 416 523 393
4 523 418 416 43
4 416 418 523 393
4 528 95 361 364
4 528 361 95 89
4 386 528 361 364
4 386 361 528 89
4 372 528 386 364
4 372 386 528 89
4 541 255 214 254
4 476 475 507 509
4 544 391 557 84
4 487 475 476 509
4 544 73 557 391
4 488 487 476 509
4 530 154 298 301
4 530 298 154 146
4 308 530 298 301
4 308 298 530 146
4 309 530 308 301
4 309 308 530 146
4 514 32 423 425
4 514 423 32 12
4 447 514 423 425
4 447 423 514 12
4 449 514 447 425
4 449 447 514 12
4 509 531 487 446
4 487 531 509 488
4 531 5 487 446
4 487 5 531 488
4 531 4 5 446
4 5 4 531 488
4 522 407 394 63
4 522 394 407 417
4 419 522 394 63
4 419 394 522 417
4 37 522 419 63
4 37 419 522 417
4 524 502 507 475
4 524 507 502 499
4 498 524 507 475
4 498 507 524 499
4 471 524 498 475
4 471 498 524 499
4 517 138 160 139
4 169 307 517 288
4 169 517 160 147
4 544 73 391 98
4 547 42 51 45
4 457 556 473 493
4 492 556 535 457
4 531 448 10 4
4 531 10 448 508
4 489 531 10 4
4 489 10 531 508
4 488 531 489 4
4 488 489 531 508
4 547 42 45 537
4 56 557 391 84
4 477 508 476 506
4 476 508 477 488
4 36 514 435 35
4 435 514 36 449
4 514 426 435 35
4 435 426 514 449
4 514 425 426 35
4 426 425 514 449
4 528 74 373 372
4 528 373 74 97
4 366 528 373 372
4 366 373 528 97
4 364 528 366 372
4 364 366 528 97
4 530 149 311 309
4 530 311 149 156
4 303 530 311 309
4 303 311 530 156
4 301 530 303 309
4 301 303 530 156
4 523 44 404 418
4 523 404 44 67
4 396 523 404 418
4 396 404 523 67
4 393 523 396 418
4 393 396 523 67
4 314 310 517 307
4 318 517 310 139
4 517 160 314 307
4 517 138 139 532
4 191 170 517 169
4 178 517 170 266
4 169 279 191 41
4 279 517 191 533
4 106 88 370 87
4 370 88 106 532
4 231 246 233 223
4 231 233 246 533
4 227 233 246 223
4 201 529 198 264
4 108 351 532 371
4 108 351 371 110
4 108 351 110 115
4 108 351 115 532
4 549 377 347 368
4 534 552 373 75
4 534 378 75 377
4 368 549 344 347
4 549 377 368 534
4 373 534 366 368
4 440 535 492 463
4 492 556 457 493
4 492 556 493 463
4 435 492 39 535
4 535 39 550 440
4 409 429 536 439
4 559 199 190 197
4 559 224 250 194
4 429 409 536 405
4 429 405 536 426
4 558 23 22 15
4 537 23 424 431
4 424 11 537 431
4 559 199 197 539
4 197 559 539 250
4 316 337 538 346
4 197 559 188 190
4 188 559 197 250
4 337 316 538 312
4 538 335 337 312
4 559 224 194 199
4 224 243 539 250
4 197 243 539 219
4 193 545 559 168
4 284 559 193 545
4 197 243 219 249
4 552 408 378 398
4 540 551 404 47
4 540 409 47 408
4 398 552 375 378
4 396 404 540 398
4 552 408 398 540
4 554 254 230 541
4 541 543 248 214
4 541 255 254 251
4 230 554 229 221
4 230 554 221 225
4 230 229 541 248
4 286 305 542 315
4 303 151 158 553
4 303 553 158 542
4 305 286 542 281
4 542 303 305 281
4 303 151 553 311
4 255 274 543 285
4 555 192 184 272
4 274 255 543 251
4 272 543 251 274
4 84 544 367 86
4 86 360 544 367
4 98 360 544 104
4 544 73 98 76
4 544 557 76 84
4 98 360 104 365
4 163 545 284 193
4 284 559 545 166
4 188 284 166 559
4 157 284 304 306
4 545 563 159 163
4 562 470 469 482
4 450 490 546 470
4 489 450 546 10
4 562 482 478 489
4 562 482 489 546
4 489 450 10 508
4 55 547 397 56
4 397 557 391 56
4 166 559 545 168
4 166 559 168 188
4 424 547 42 397
4 397 557 56 547
4 560 131 338 130
4 131 329 548 338
4 126 329 548 135
4 188 284 559 277
4 284 559 277 193
4 126 329 135 336
4 346 344 549 347
4 560 128 105 126
4 560 131 130 128
4 344 346 549 337
4 549 344 337 342
4 439 436 550 440
4 436 439 550 429
4 435 550 429 436
4 535 435 457 436
4 535 435 436 550
4 535 550 436 440
4 540 409 408 405
4 536 551 405 409
4 404 536 405 426
4 404 38 536 426
4 540 405 404 551
4 540 409 405 551
4 534 378 377 375
4 560 128 126 548
4 126 560 548 338
4 534 375 373 552
4 534 378 375 552
4 315 312 553 316
4 538 553 312 316
4 311 538 312 335
4 311 129 538 335
4 553 305 311 312
4 553 305 312 315
4 539 225 243 224
4 539 225 224 221
4 219 220 229 242
4 554 539 243 219
4 554 220 243 225
4 219 220 554 229
4 23 537 424 55
4 424 547 397 55
4 424 547 55 537
4 541 255 251 543
4 541 251 254 230
4 541 251 230 248
4 541 251 248 543

CELL_TYPES 2787
5
5
5
5
5
5
5
5
5
5
5
5
5
5
5
5
5
5
5
5
5
5
5
5
5
5
5
5
5
5
5
5
5
5
5
5
5
5
5
5
5
5
5
5
5
5
5
5
5
5
5
5
5
5
5
5
5
5
5
5
5
5
5
5
5
5
5
5
5
5
5
5
5
5
5
5
5
5
5
5
5
5
5
5
5
5
5
5
5
5
5
5
5
5
5
5
5
5
5
5
5
5
5
5
5
5
5
5
5
5
5
5
5
5
5
5
5
5
5
5
5
5
5
5
5
5
5
5
5
5
5
5
5
5
5
5
5
5
5
5
5
5
5
5
5
5
5
5
5
5
5
5
5
5
5
5
5
5
5
5
5
5
5
5
5
5
5
5
5
5
5
5
5
5
5
5
5
5
5
5
5
5
5
5
5
5
5
5
5
5
5
5
5
5
5
5
5
5
5
5
5
5
5
5
5
5
5
5
5
5
5
5
5
5
5
5
5
5
5
5
5
5
5
5
5
5
5
5
5
5
5
5
5
5
5
5
5
5
5
5
5
5
5
5
5
5
5
5
5
5
5
5
5
5
5
5
5
5
5
5
5
5
5
5
5
5
5
5
5
5
5
5
5
5
5
5
5
5
5
5
5
5
5
5
5
5
5
5
5
5
5
5
5
5
5
5
5
5
5
5
5
5
5
5
5
5
5
5
5
5
5
5
5
5
5
5
5
5
5
5
5
5
5
5
5
5
5
5
5
5
5
5
5
5
5
5
5
5
5
5
5
5
5
5
5
5
5
5
5
5
5
5
5
5
5
5
5
5
5
5
5
5
5
5
5
5
5
5
5
5
5
5
5
5
5
5
5
5
5
5
5
5
5
5
5
5
5
5
5
5
5
5
5
5
5
5
5
5
5
5
5
5
5
5
5
5
5
5
5
5
5
5
5
5
5
5
5
5
5
5
5
5
5
5
5
5
5
5
5
5
5
5
5
5
5
5
5
5
5
5
5
5
5
5
5
5
5
5
5
5
5
5
5
5
5
5
5
5
5
5
5
5
5
5
5
5
5
5
5
5
5
5
5
5
5
5
5
5
5
5
5
5
5
5
5
5
5
5
5
5
5
5
5
5
5
5
5
5
5
5
5
5
5
5
5
5
5
5
5
5
5
5
5
5
5
5
5
5
5
5
5
5
5
5
5
5
5
5
5
5
5
5
5
5
5
5
5
5
5
5
5
5
5
5
5
5
5
5
5
5
5
5
5
5
5
5
5
5
5
5
5
5
5
5
5
5
5
5
5
5
5
5
5
5
5
5
5
5
5
5
5
5
5
5
5
5
5
5
5
5
5
5
5
5
5
5
5
5
5
5
5
5
5
5
5
5
5
5
5
5
5
5
5
5
5
5
5
5
5
5
5
5
5
5
5
5
5
5
5
5
5
5
5
5
5
5
5
5
5
5
5
5
5
5
5
5
5
5
5
5
5
5
5
5
5
5
5
5
5
5
5
5
5
5
5
5
5
5
5
5
5
5
5
5
5
5
5
5
5
5
5
5
5
5
5
5
5
5
5
5
5
5
5
5
5
5
5
5
5
5
5
5
5
5
5
5
5
5
5
5
5
5
5
5
5
5
5
5
5
5
5
5
5
5
5
5
5
5
5
5
5
5
5
5
5
5
5
5
5
5
5
5
5
5
5
5
5
5
5
5
5
5
5
5
5
5
5
5
5
5
5
5
5
5
5
5
5
5
5
5
5
5
5
5
5
5
5
5
5
5
5
5
5
5
5
5
5
5
5
5
5
5
5
5
5
5
5
5
5
5
5
5
5
5
5
5
5
5
5
5
5
5
5
5
5
5
5
5
5
5
5
5
5
5
5
5
5
5
5
5
5
5
5
5
5
5
5
5
5
5
5
5
5
5
5
5
5
5
5
5
5
5
5
5
5
5
5
5
5
5
5
5
5
5
5
5
5
5
5
5
5
5
5
5
5
5
5
5
5
5
5
5
5
5
5
5
5
5
5
5
5
5
5
5
5
5
5
5
5
5
5
5
5
5
5
5
5
5
5
5
5
5
5
5
5
5
5
5
5
5
5
5
5
5
5
5
5
5
5
5
5
5
5
5
5
5
5
5
5
5
5
5
5
5
5
5
5
5
5
5
5
5
5
5
5
5
5
5
5
5
5
5
5
5
5
5
5
5
5
5
5
5
5
5
5
5
5
5
5
5
5
5
5
5
5
5
5
5
5
5
5
5
5
5
5
5
5
5
5
5
5
5
5
5
5
5
5
5
5
5
5
5
5
5
5
5
5
5
5
5
5
5
5
5
10
10
10
10
10
10
10
10
10
10
10
10
10
10
10
10
10
10
10
10
10
10
10
10
10
10
10
10
10
10
10
10
10
10
10
10
10
10
10
10
10
10
10
10
10
10
10
10
10
10
10
10
10
10
10
10
10
10
10
10
10
10
10
10
10
10
10
10
10
10
10
10
10
10
10
10
10
10
10
10
10
10
10
10
10
10
10
10
10
10
10
10
10
10
10
10
10
10
10
10
10
10
10
10
10
10
10
10
10
10
10
10
10
10
10
10
10
10
10
10
10
10
10
10
10
10
10
10
10
10
10
10
10
10
10
10
10
10
10
10
10
10
10
10
10
10
10
10
10
10
10
10
10
10
10
10
10
10
10
10
10
10
10
10
10
10
10
10
10
10
10
10
10
10
10
10
10
10
10
10
10
10
10
10
10
10
10
10
10
10
10
10
10
10
10
10
10
10
10
10
10
10
10
10
10
10
10
10
10
10
10
10
10
10
10
10
10
10
10
10
10
10
10
10
10
10
10
10
10
10
10
10
10
10
10
10
10
10
10
10
10
10
10
10
10
10
10
10
10
10
10
10
10
10
10
10
10
10
10
10
10
10
10
10
10
10
10
10
10
10
10
10
10
10
10
10
10
10
10
10
10
10
10
10
10
10
10
10
10
10
10
10
10
10
10
10
10
10
10
10
10
10
10
10
10
10
10
10
10
10
10
10
10
10
10
10
10
10
10
10
10
10
10
10
10
10
10
10
10
10
10
10
10
10
10
10
10
10
10
10
10
10
10
10
10
10
10
10
10
10
10
10
10
10
10
10
10
10
10
10
10
10
10
10
10
10
10
10
10
10
10
10
10
10
10
10
10
10
10
10
10
10
10
10
10
10
10
10
10
10
10
10
10
10
10
10
10
10
10
10
10
10
10
10
10
10
10
10
10
10
10
10
10
10
10
10
10
10
10
10
10
10
10
10
10
10
10
10
10
10
10
10
10
10
10
10
10
10
10
10
10
10
10
10
10
10
10
10
10
10
10
10
10
10
10
10
10
10
10
10
10
10
10
10
10
10
10
10
10
10
10
10
10
10
10
10
10
10
10
10
10
10
10
10
10
10
10
10
10
10
10
10
10
10
10
10
10
10
10
10
10
10
10
10
10
10
10
10
10
10
10
10
10
10
10
10
10
10
10
10
10
10
10
10
10
10
10
10
10
10
10
10
10
10
10
10
10
10
10
10
10
10
10
10
10
10
10
10
10
10
10
10
10
10
10
10
10
10
10
10
10
10
10
10
10
10
10
10
10
10
10
10
10
10
10
10
10
10
10
10
10
10
10
10
10
10
10
10
10
10
10
10
10
10
10
10
10
10
10
10
10
10
10
10
10
10
10
10
10
10
10
10
10
10
10
10
10
10
10
10
10
10
10
10
10
10
10
10
10
10
10
10
10
10
10
10
10
10
10
10
10
10
10
10
10
10
10
10
10
10
10
10
10
10
10
10
10
10
10
10
10
10
10
10
10
10
10
10
10
10
10
10
10
10
10
10
10
10
10
10
10
10
10
10
10
10
10
10
10
10
10
10
10
10
10
10
10
10
10
10
10
10
10
10
10
10
10
10
10
10
10
10
10
10
10
10
10
10
10
10
10
10
10
10
10
10
10
10
10
10
10
10
10
10
10
10
10
10
10
10
10
10
10
10
10
10
10
10
10
10
10
10
10
10
10
10
10
10
10
10
10
10
10
10
10
10
10
10
10
10
10
10
10
10
10
10
10
10
10
10
10
10
10
10
10
10
10
10
10
10
10
10
10
10
10
10
10
10
10
10
10
10
10
10
10
10
10
10
10
10
10
10
10
10
10
10
10
10
10
10
10
10
10
10
10
10
10
10
10
10
10
10
10
10
10
10
10
10
10
10
10
10
10
10
10
10
10
10
10
10
10
10
10
10
10
10
10
10
10
10
10
10
10
10
10
10
10
10
10
10
10
10
10
10
10
10
10
10
10
10
10
10
10
10
10
10
10
10
10
10
10
10
10
10
10
10
10
10
10
10
10
10
10
10
10
10
10
10
10
10
10
10
10
10
10
10
10
10
10
10
10
10
10
10
10
10
10
10
10
10
10
10
10
10
10
10
10
10
10
10
10
10
10
10
10
10
10
10
10
10
10
10
10
10
10
10
10
10
10
10
10
10
10
10
10
10
10
10
10
10
10
10
10
10
10
10
10
10
10
10
10
10
10
10
10
10
10
10
10
10
10
10
10
10
10
10
10
10
10
10
10
10
10
10
10
10
10
10
10
10
10
10
10
10
10
10
10
10
10
10
10
10
10
10
10
10
10
10
10
10
10
10
10
10
10
10
10
10
10
10
10
10
10
10
10
10
10
10
10
10
10
10
10
10
10
10
10
10
10
10
10
10
10
10
10
10
10
10
10
10
10
10
10
10
10
10
10
10
10
10
10
10
10
10
10
10
10
10
10
10
10
10
10
10
10
10
10
10
10
10
10
10
10
10
10
10
10
10
10
10
10
10
10
10
10
10
10
10
10
10
10
10
10
10
10
10
10
10
10
10
10
10
10
10
10
10
10
10
10
10
10
10
10
10
10
10
10
10
10
10
10
10
10
10
10
10
10
10
10
10
10
10
10
10
10
10
10
10
10
10
10
10
10
10
10
10
10
10
10
10
10
10
10
10
10
10
10
10
10
10
10
10
10
10
10
10
10
10
10
10
10
10
10
10
10
10
10
10
10
10
10
10
10
10
10
10
10
10
10
10
10
10
10
10
10
10
10
10
10
10
10
10
10
10
10
10
10
10
10
10
10
10
10
10
10
10
10
10
10
10
10
10
10
10
10
10
10
10
10
10
10
10
10
10
10
10
10
10
10
10
10
10
10
10
10
10
10
10
10
10
10
10
10
10
10
10
10
10
10
10
10
10
10
10
10
10
10
10
10
10
10
10
10
10
10
10
10
10
10
10
10
10
10
10
10
10
10
10
10
10
10
10
10
10
10
10
10
10
10
10
10
10
10
10
10
10
10
10
10
10
10
10
10
10
10
10
10
10
10
10
10
10
10
10
10
10
10
10
10
10
10
10
10
10
10
10
10
10
10
10
10
10
10
10
10
10
10
10
10
10
10
10
10
10
10
10
10
10
10
10
10
10
10
10
10
10
10
10
10
10
10
10
10
10
10
10
10
10
10
10
10
10
10
10
10
10
10
10
10
10
10
10
10
10
10
10
10
10
10
10
10
10
10
10
10
10
10
10
10
10
10
10
10
10
10
10
10
10
10
10
10
10
10
10
10
10
10
10
10
10
10
10
10
10
10
10
10
10
10
10
10
10
10
10
10
10
10
10
10
10
10
10
10
10
10
10
10
10
10
10
10
10
10
10
10
10
10
10
10
10
10
10
10
10
10
10
10
10
10
10
10
10
10
10
10
10
10
10
10
10
10
10
10
10
10
10
10
10
10
10
10
10
10
10
10
10
10
10
10
10
10
10
10
10
10
10
10
10
10
10
10
10
10
10
10
10
10
10
10
10
10
10
10
10
10
10
10
10
10
10
10
10
10
10
10
10
10
10
10
10
10
10
10
10
10
10
10
10
10
10
10
10
10
10
10
10
10
10
10
10
10
10
10
10
10
10
10
10
10
10
10
10
10
10
10
10
10
10
10
10
10
10
10
10
10
10
10
10
10
10
10
10
10
10
10
10
10
10
10
10
10
10
10
10
10
10
10
10
10
10
10
10
10
10
10
10
10
10
10
10
10
10
10
10
10
10
10
10
10
10
10
10
10
10
10
10
10
10
10
10
10
10
10
10
10
10
10
10
10
10
10
10
10
10
10
10
10
10
10
10
10
10
10
10
10
10
10
10
10
10
10
10
10
10
10
10
10
10
10
10
10
10
10
10
10
10
10
10
10
10
10
10
10
10
10
10
10
10
10
10
10
10
10
10
10
10
10
10
10
10
10
10
10
10
10
10
10
10
10
10
10
10
10
